      0.10 3.689453
      0.20 3.746778
      0.30 3.141215
      0.40 3.187087
      0.50 3.325128
      0.60 3.387505
      0.70 3.709873
      0.80 3.214263
      0.90 3.392077
      1.00 3.157447
      1.10 3.086996
      1.20 3.276366
      1.30 3.410500
      1.40 3.440888
      1.50 3.454940
      1.60 3.197032
      1.70 3.624823
      1.80 3.233024
      1.90 3.209080
      2.00 3.241896
      2.10 3.431712
      2.20 3.526703
      2.30 3.360508
      2.40 3.281149
      2.50 3.282366
      2.60 3.376075
      2.70 3.434535
      2.80 3.361351
      2.90 3.219131
      3.00 3.206830
      3.10 3.280577
      3.20 3.208107
      3.30 3.402517
      3.40 3.573155
      3.50 3.276890
      3.60 3.325780
      3.70 3.116001
      3.80 3.556527
      3.90 3.360840
      4.00 3.165544
      4.10 3.284500
      4.20 3.135093
      4.30 3.464527
      4.40 3.412000
      4.50 3.059703
      4.60 3.218135
      4.70 3.114784
      4.80 2.922781
      4.90 3.458024
      5.00 3.237056
      5.10 3.405310
      5.20 3.051305
      5.30 3.047980
      5.40 3.272270
      5.50 3.344992
      5.60 3.195967
      5.70 3.234798
      5.80 3.455884
      5.90 3.452443
      6.00 3.055568
      6.10 3.149167
      6.20 3.428851
      6.30 3.068539
      6.40 3.109681
      6.50 3.425564
      6.60 3.005454
      6.70 3.085298
      6.80 3.274732
      6.90 3.178873
      7.00 3.146427
      7.10 3.270074
      7.20 3.373238
      7.30 3.219727
      7.40 3.091306
      7.50 3.188064
      7.60 3.236523
      7.70 3.133612
      7.80 3.041193
      7.90 3.306699
      8.00 3.551435
      8.10 3.259778
      8.20 3.062350
      8.30 3.228378
      8.40 3.506547
      8.50 3.068288
      8.60 3.355324
      8.70 3.410932
      8.80 3.035214
      8.90 3.294047
      9.00 3.153762
      9.10 3.502304
      9.20 3.252151
      9.30 3.204720
      9.40 2.934658
      9.50 3.454178
      9.60 3.238033
      9.70 3.357185
      9.80 3.236085
      9.90 3.103797
     10.00 3.012847
     10.10 3.370579
     10.20 3.070203
     10.30 2.920752
     10.40 3.289359
     10.50 3.422559
     10.60 3.150733
     10.70 3.554315
     10.80 3.460946
     10.90 3.257003
     11.00 3.128965
     11.10 3.094072
     11.20 3.894406
     11.30 3.838222
     11.40 3.431974
     11.50 3.362209
     11.60 3.388537
     11.70 3.280381
     11.80 3.389496
     11.90 3.274761
     12.00 3.097371
     12.10 3.723969
     12.20 3.343041
     12.30 3.218245
     12.40 3.589912
     12.50 3.360604
     12.60 3.471178
     12.70 3.442216
     12.80 3.277483
     12.90 3.238900
     13.00 2.900140
     13.10 3.300370
     13.20 3.707343
     13.30 2.839595
     13.40 3.686554
     13.50 3.958622
     13.60 3.234404
     13.70 3.369299
     13.80 3.735551
     13.90 3.342004
     14.00 3.506572
     14.10 3.726149
     14.20 3.136037
     14.30 3.196243
     14.40 3.354217
     14.50 3.472960
     14.60 3.145919
     14.70 3.482317
     14.80 2.836353
     14.90 3.350282
     15.00 3.662063
     15.10 3.410745
     15.20 3.361696
     15.30 3.101270
     15.40 3.392780
     15.50 3.234919
     15.60 3.374868
     15.70 3.267450
     15.80 3.579035
     15.90 3.130143
     16.00 3.056537
     16.10 3.323241
     16.20 3.063048
     16.30 3.259867
     16.40 3.696052
     16.50 3.346617
     16.60 3.342708
     16.70 3.201772
     16.80 3.479183
     16.90 3.196612
     17.00 3.314374
     17.10 3.382319
     17.20 3.175484
     17.30 3.364829
     17.40 3.186070
     17.50 3.104483
     17.60 3.417558
     17.70 3.134863
     17.80 3.088500
     17.90 3.413513
     18.00 3.150528
     18.10 3.488214
     18.20 3.053400
     18.30 3.663270
     18.40 3.203591
     18.50 3.040262
     18.60 3.318213
     18.70 3.095578
     18.80 3.374109
     18.90 3.233686
     19.00 2.938333
     19.10 3.502737
     19.20 3.182140
     19.30 3.266895
     19.40 3.584750
     19.50 2.837964
     19.60 3.324502
     19.70 3.035442
     19.80 3.211659
     19.90 3.468144
     20.00 3.304151
     20.10 3.107759
     20.20 3.176350
     20.30 3.522815
     20.40 3.038862
     20.50 3.590172
     20.60 3.328947
     20.70 3.530899
     20.80 3.081131
     20.90 3.420437
     21.00 3.361294
     21.10 3.398076
     21.20 3.368833
     21.30 3.425345
     21.40 3.116730
     21.50 2.961513
     21.60 3.089908
     21.70 3.356768
     21.80 3.540997
     21.90 3.204020
     22.00 3.689700
     22.10 3.248472
     22.20 3.661732
     22.30 3.191300
     22.40 3.280039
     22.50 3.072937
     22.60 3.094538
     22.70 3.660285
     22.80 3.386443
     22.90 3.236755
     23.00 3.502767
     23.10 3.309475
     23.20 3.557800
     23.30 3.017795
     23.40 3.564100
     23.50 3.360341
     23.60 3.165135
     23.70 3.410082
     23.80 3.220482
     23.90 3.057069
     24.00 3.388094
     24.10 3.233747
     24.20 3.465653
     24.30 3.360967
     24.40 2.919579
     24.50 3.376705
     24.60 3.435799
     24.70 3.498085
     24.80 3.041381
     24.90 3.314310
     25.00 3.712907
     25.10 3.465892
     25.20 3.344693
     25.30 3.297403
     25.40 3.376648
     25.50 3.240460
     25.60 3.707207
     25.70 3.052106
     25.80 3.339448
     25.90 3.670656
     26.00 3.569839
     26.10 3.185394
     26.20 3.137933
     26.30 3.640694
     26.40 3.527754
     26.50 3.276884
     26.60 3.324751
     26.70 3.127576
     26.80 3.304735
     26.90 3.454310
     27.00 3.473104
     27.10 3.239842
     27.20 3.395084
     27.30 3.406416
     27.40 3.203442
     27.50 3.228847
     27.60 3.677588
     27.70 3.260973
     27.80 3.207120
     27.90 3.240941
     28.00 3.048207
     28.10 3.506951
     28.20 3.475522
     28.30 3.780740
     28.40 3.494257
     28.50 3.156170
     28.60 3.296599
     28.70 3.444810
     28.80 3.493610
     28.90 3.238208
     29.00 3.318239
     29.10 3.222463
     29.20 3.136192
     29.30 3.178826
     29.40 3.411267
     29.50 3.459597
     29.60 3.126966
     29.70 3.569852
     29.80 3.517944
     29.90 3.401829
     30.00 3.280537
     30.10 3.049610
     30.20 3.307377
     30.30 3.379972
     30.40 3.631731
     30.50 3.452540
     30.60 3.375335
     30.70 3.203513
     30.80 3.397134
     30.90 3.607497
     31.00 3.668492
     31.10 3.517602
     31.20 3.575632
     31.30 3.949214
     31.40 3.693361
     31.50 3.627441
     31.60 3.422113
     31.70 3.196028
     31.80 3.443267
     31.90 3.589846
     32.00 3.165490
     32.10 3.273485
     32.20 3.573473
     32.30 3.329061
     32.40 3.576376
     32.50 3.208837
     32.60 3.421823
     32.70 3.436759
     32.80 3.551960
     32.90 3.609670
     33.00 3.006317
     33.10 3.536716
     33.20 3.143705
     33.30 3.149844
     33.40 3.163308
     33.50 3.127636
     33.60 3.459365
     33.70 3.334979
     33.80 3.094270
     33.90 3.286769
     34.00 3.070775
     34.10 3.166913
     34.20 2.983207
     34.30 3.324853
     34.40 3.286265
     34.50 3.416543
     34.60 3.193093
     34.70 3.095489
     34.80 3.340924
     34.90 3.173353
     35.00 3.232113
     35.10 3.331776
     35.20 3.265387
     35.30 3.107057
     35.40 3.239361
     35.50 3.229254
     35.60 3.340584
     35.70 3.356316
     35.80 3.230173
     35.90 3.251515
     36.00 3.393634
     36.10 3.257570
     36.20 3.010738
     36.30 3.448280
     36.40 3.160328
     36.50 3.369587
     36.60 3.515595
     36.70 3.283969
     36.80 3.343415
     36.90 3.407160
     37.00 3.488491
     37.10 3.527604
     37.20 3.215531
     37.30 3.209299
     37.40 3.016986
     37.50 3.428886
     37.60 3.305960
     37.70 3.252623
     37.80 2.940458
     37.90 3.153156
     38.00 3.751019
     38.10 3.511632
     38.20 3.551237
     38.30 3.062776
     38.40 3.277236
     38.50 3.395017
     38.60 3.708268
     38.70 3.666292
     38.80 3.421385
     38.90 3.114393
     39.00 3.587583
     39.10 3.226525
     39.20 3.165545
     39.30 3.286597
     39.40 2.828424
     39.50 3.248147
     39.60 3.112789
     39.70 3.162008
     39.80 3.255387
     39.90 3.098391
     40.00 3.067324
     40.10 3.267300
     40.20 3.162199
     40.30 3.056219
     40.40 3.089523
     40.50 3.246474
     40.60 3.397353
     40.70 3.347054
     40.80 3.014327
     40.90 3.191622
     41.00 3.068303
     41.10 3.228549
     41.20 3.125409
     41.30 3.075079
     41.40 3.309296
     41.50 2.944920
     41.60 3.275430
     41.70 3.203201
     41.80 3.257957
     41.90 3.084435
     42.00 3.132567
     42.10 3.228752
     42.20 2.936637
     42.30 3.425885
     42.40 3.141308
     42.50 3.316569
     42.60 3.120316
     42.70 3.181966
     42.80 3.213344
     42.90 3.412077
     43.00 3.215953
     43.10 3.212447
     43.20 3.149347
     43.30 3.343146
     43.40 3.415166
     43.50 3.291998
     43.60 3.238321
     43.70 3.319938
     43.80 3.037790
     43.90 2.907974
     44.00 3.195350
     44.10 3.402847
     44.20 3.165588
     44.30 3.445300
     44.40 3.113169
     44.50 3.358244
     44.60 3.549274
     44.70 3.216641
     44.80 3.478546
     44.90 3.121699
     45.00 2.957997
     45.10 3.209330
     45.20 3.205149
     45.30 3.238475
     45.40 3.597940
     45.50 3.307772
     45.60 3.115439
     45.70 3.174815
     45.80 2.995795
     45.90 3.468880
     46.00 3.316374
     46.10 3.579791
     46.20 3.217615
     46.30 3.299183
     46.40 3.240480
     46.50 3.336897
     46.60 3.568338
     46.70 3.215183
     46.80 3.366211
     46.90 3.573452
     47.00 3.172801
     47.10 3.405144
     47.20 2.833692
     47.30 3.171994
     47.40 3.367323
     47.50 3.217388
     47.60 3.150848
     47.70 3.116050
     47.80 3.195602
     47.90 3.193529
     48.00 3.372836
     48.10 3.206981
     48.20 3.013382
     48.30 3.124809
     48.40 3.491884
     48.50 3.424830
     48.60 3.353224
     48.70 3.270277
     48.80 3.180325
     48.90 3.465726
     49.00 3.159872
     49.10 3.021147
     49.20 2.906927
     49.30 3.116441
     49.40 3.575656
     49.50 3.091747
     49.60 3.031726
     49.70 3.158787
     49.80 3.146250
     49.90 3.108369
     50.00 3.066541
     50.10 3.300525
     50.20 3.122166
     50.30 3.533415
     50.40 3.295336
     50.50 3.227504
     50.60 3.127442
     50.70 3.018307
     50.80 2.995049
     50.90 3.062791
     51.00 3.087310
     51.10 3.120448
     51.20 2.913448
     51.30 3.196600
     51.40 3.192278
     51.50 3.280445
     51.60 3.263387
     51.70 3.407650
     51.80 3.610095
     51.90 3.403606
     52.00 3.356948
     52.10 3.417985
     52.20 3.243945
     52.30 3.293181
     52.40 3.280853
     52.50 3.041690
     52.60 3.263418
     52.70 3.297375
     52.80 3.060230
     52.90 3.191685
     53.00 3.099146
     53.10 3.205860
     53.20 3.265300
     53.30 3.423740
     53.40 3.224149
     53.50 3.235071
     53.60 3.109658
     53.70 3.382839
     53.80 3.288935
     53.90 3.281568
     54.00 3.180862
     54.10 3.224695
     54.20 3.550622
     54.30 3.578573
     54.40 3.529206
     54.50 3.298245
     54.60 3.106992
     54.70 3.216772
     54.80 3.533905
     54.90 3.368026
     55.00 3.131670
     55.10 3.094722
     55.20 3.469803
     55.30 3.263241
     55.40 3.128856
     55.50 3.436779
     55.60 3.573588
     55.70 3.230809
     55.80 3.175721
     55.90 3.139224
     56.00 3.059033
     56.10 3.262587
     56.20 3.395032
     56.30 3.192432
     56.40 3.159568
     56.50 3.260566
     56.60 3.008290
     56.70 3.446848
     56.80 3.266764
     56.90 3.454409
     57.00 3.458870
     57.10 3.193620
     57.20 3.244751
     57.30 3.754118
     57.40 3.324075
     57.50 3.291955
     57.60 3.357532
     57.70 3.272590
     57.80 3.420843
     57.90 3.167942
     58.00 3.432458
     58.10 3.142967
     58.20 3.836559
     58.30 3.439442
     58.40 2.954230
     58.50 3.083284
     58.60 3.354103
     58.70 3.143769
     58.80 3.334347
     58.90 3.409454
     59.00 3.030967
     59.10 3.300600
     59.20 3.368769
     59.30 3.268920
     59.40 3.318700
     59.50 3.403327
     59.60 3.123788
     59.70 3.007737
     59.80 3.241960
     59.90 3.334730
     60.00 3.177460
     60.10 3.565124
     60.20 3.187700
     60.30 2.943934
     60.40 3.394185
     60.50 3.453489
     60.60 3.229982
     60.70 3.133041
     60.80 2.833986
     60.90 3.355518
     61.00 3.357016
     61.10 3.075626
     61.20 3.167488
     61.30 3.132694
     61.40 3.270787
     61.50 2.985442
     61.60 3.322444
     61.70 3.252983
     61.80 3.063335
     61.90 3.475436
     62.00 3.166872
     62.10 2.986736
     62.20 3.265932
     62.30 3.163181
     62.40 3.523859
     62.50 3.347102
     62.60 3.321122
     62.70 2.853081
     62.80 3.366607
     62.90 3.017836
     63.00 3.076560
     63.10 3.287335
     63.20 3.239835
     63.30 3.081745
     63.40 3.127139
     63.50 3.276369
     63.60 3.307168
     63.70 3.234589
     63.80 3.185605
     63.90 3.385486
     64.00 3.016605
     64.10 3.290561
     64.20 3.109782
     64.30 3.560930
     64.40 3.255205
     64.50 3.184093
     64.60 3.163421
     64.70 3.071526
     64.80 3.153414
     64.90 3.285988
     65.00 3.648485
     65.10 3.048661
     65.20 2.898188
     65.30 3.296639
     65.40 3.228158
     65.50 3.291202
     65.60 3.194751
     65.70 3.096406
     65.80 3.530886
     65.90 3.392643
     66.00 3.352929
     66.10 3.461350
     66.20 3.303385
     66.30 3.152637
     66.40 3.412604
     66.50 3.114503
     66.60 3.523768
     66.70 3.074513
     66.80 3.205038
     66.90 3.136657
     67.00 3.440622
     67.10 3.324468
     67.20 3.671970
     67.30 3.896114
     67.40 3.143436
     67.50 3.297458
     67.60 3.334457
     67.70 3.368046
     67.80 3.110487
     67.90 3.182274
     68.00 3.115867
     68.10 3.348681
     68.20 3.880142
     68.30 3.346238
     68.40 3.183794
     68.50 3.576246
     68.60 3.376290
     68.70 3.001955
     68.80 3.320787
     68.90 3.042598
     69.00 3.758824
     69.10 3.242636
     69.20 3.197131
     69.30 3.063865
     69.40 3.476601
     69.50 3.239540
     69.60 3.410775
     69.70 3.053111
     69.80 3.192964
     69.90 3.088397
     70.00 3.211530
     70.10 3.511372
     70.20 3.770621
     70.30 3.386701
     70.40 3.383044
     70.50 3.483116
     70.60 3.052987
     70.70 3.234431
     70.80 3.031031
     70.90 3.824530
     71.00 3.567947
     71.10 3.153593
     71.20 3.248303
     71.30 2.869114
     71.40 3.402088
     71.50 3.178368
     71.60 3.193361
     71.70 3.013424
     71.80 3.417003
     71.90 3.121208
     72.00 3.449086
     72.10 3.084843
     72.20 3.223219
     72.30 3.044623
     72.40 3.139969
     72.50 3.118225
     72.60 3.365954
     72.70 3.359685
     72.80 3.088231
     72.90 3.236968
     73.00 3.360182
     73.10 3.207026
     73.20 3.030098
     73.30 3.394274
     73.40 2.987933
     73.50 3.352989
     73.60 3.232847
     73.70 3.429147
     73.80 3.014141
     73.90 3.361000
     74.00 3.052084
     74.10 3.207238
     74.20 3.088189
     74.30 3.484066
     74.40 3.434019
     74.50 3.259857
     74.60 3.206779
     74.70 3.178273
     74.80 3.288062
     74.90 3.266906
     75.00 3.276632
     75.10 3.217186
     75.20 3.206185
     75.30 3.023257
     75.40 3.082124
     75.50 3.321075
     75.60 3.273273
     75.70 3.494376
     75.80 2.926965
     75.90 3.327992
     76.00 3.374389
     76.10 3.382780
     76.20 3.553681
     76.30 3.172585
     76.40 3.248203
     76.50 3.114047
     76.60 3.058590
     76.70 3.489536
     76.80 3.174088
     76.90 3.252891
     77.00 3.010882
     77.10 3.278356
     77.20 3.220353
     77.30 3.143805
     77.40 3.070371
     77.50 2.907627
     77.60 3.540916
     77.70 3.056781
     77.80 3.548628
     77.90 3.258621
     78.00 3.477143
     78.10 3.243395
     78.20 2.945736
     78.30 3.567767
     78.40 3.598837
     78.50 3.254532
     78.60 3.493444
     78.70 3.552440
     78.80 3.356015
     78.90 3.038068
     79.00 3.085404
     79.10 3.085563
     79.20 3.170513
     79.30 3.838945
     79.40 3.318547
     79.50 3.046072
     79.60 3.133788
     79.70 3.130997
     79.80 3.449796
     79.90 3.386004
     80.00 2.984203
     80.10 3.174154
     80.20 3.330180
     80.30 3.490155
     80.40 3.111319
     80.50 3.022661
     80.60 3.326267
     80.70 3.358903
     80.80 3.081717
     80.90 3.138530
     81.00 3.051519
     81.10 3.324480
     81.20 3.033862
     81.30 3.213635
     81.40 3.311605
     81.50 3.260974
     81.60 3.207569
     81.70 3.380984
     81.80 3.224257
     81.90 3.054891
     82.00 2.937177
     82.10 3.207831
     82.20 3.259597
     82.30 3.314218
     82.40 3.203480
     82.50 3.113475
     82.60 3.179021
     82.70 3.470808
     82.80 3.605177
     82.90 3.426337
     83.00 2.916477
     83.10 3.135415
     83.20 3.075869
     83.30 2.852167
     83.40 3.221054
     83.50 3.168386
     83.60 3.085337
     83.70 3.255536
     83.80 3.480065
     83.90 2.933432
     84.00 2.834264
     84.10 3.286726
     84.20 3.023654
     84.30 3.296783
     84.40 3.047329
     84.50 3.286308
     84.60 3.154025
     84.70 3.541966
     84.80 3.261259
     84.90 3.287200
     85.00 3.247745
     85.10 3.343045
     85.20 3.308466
     85.30 2.965643
     85.40 3.173595
     85.50 3.169430
     85.60 3.262211
     85.70 3.390208
     85.80 3.435458
     85.90 3.151211
     86.00 3.424607
     86.10 3.337027
     86.20 3.403187
     86.30 3.561680
     86.40 3.088674
     86.50 3.186443
     86.60 3.175284
     86.70 3.125618
     86.80 3.199540
     86.90 3.409259
     87.00 3.528111
     87.10 3.163963
     87.20 3.050906
     87.30 3.081448
     87.40 3.298721
     87.50 3.166473
     87.60 3.215599
     87.70 3.047333
     87.80 3.290638
     87.90 3.214787
     88.00 3.285463
     88.10 3.122826
     88.20 3.081478
     88.30 3.244009
     88.40 3.123811
     88.50 3.599237
     88.60 3.086873
     88.70 2.937645
     88.80 3.232602
     88.90 3.339264
     89.00 3.062613
     89.10 3.374438
     89.20 3.170215
     89.30 3.148025
     89.40 3.388417
     89.50 3.313819
     89.60 3.078222
     89.70 3.316305
     89.80 3.222721
     89.90 3.048624
     90.00 3.354706
     90.10 3.314701
     90.20 3.598794
     90.30 3.275350
     90.40 3.212537
     90.50 2.835810
     90.60 3.516686
     90.70 3.545986
     90.80 3.183369
     90.90 3.023381
     91.00 3.286326
     91.10 3.567181
     91.20 3.306158
     91.30 3.103634
     91.40 3.181189
     91.50 2.927426
     91.60 3.322112
     91.70 3.296288
     91.80 3.238988
     91.90 3.156956
     92.00 3.028040
     92.10 3.232335
     92.20 3.239638
     92.30 3.167019
     92.40 3.467204
     92.50 3.452362
     92.60 3.077837
     92.70 3.236918
     92.80 3.228689
     92.90 3.254771
     93.00 3.285075
     93.10 3.235613
     93.20 2.954478
     93.30 3.271908
     93.40 3.260587
     93.50 3.023234
     93.60 3.256612
     93.70 3.108945
     93.80 3.298577
     93.90 3.042553
     94.00 3.042825
     94.10 3.026775
     94.20 3.306796
     94.30 3.023762
     94.40 2.995340
     94.50 3.158023
     94.60 3.295967
     94.70 3.341104
     94.80 3.319459
     94.90 3.614863
     95.00 3.310708
     95.10 3.498815
     95.20 3.181977
     95.30 3.045873
     95.40 3.060556
     95.50 3.152083
     95.60 3.159584
     95.70 3.323786
     95.80 3.118237
     95.90 3.038377
     96.00 3.248017
     96.10 3.135043
     96.20 3.359484
     96.30 3.333249
     96.40 3.364344
     96.50 2.997599
     96.60 3.095311
     96.70 3.335501
     96.80 3.112259
     96.90 3.183729
     97.00 2.937728
     97.10 3.165844
     97.20 3.110243
     97.30 2.896525
     97.40 3.062480
     97.50 3.308526
     97.60 3.420921
     97.70 3.140249
     97.80 3.148186
     97.90 2.875033
     98.00 3.574539
     98.10 2.976168
     98.20 3.595941
     98.30 3.257771
     98.40 3.145542
     98.50 3.235346
     98.60 3.164153
     98.70 3.147456
     98.80 3.233977
     98.90 3.236342
     99.00 3.111324
     99.10 3.078733
     99.20 3.203403
     99.30 3.266466
     99.40 3.357209
     99.50 3.480449
     99.60 3.259950
     99.70 3.226619
     99.80 3.251833
     99.90 3.168890
    100.00 3.168287
