      0.10 2.887236
      0.20 2.678749
      0.30 2.655541
      0.40 2.606416
      0.50 2.580730
      0.60 2.719507
      0.70 2.828161
      0.80 2.674787
      0.90 2.671445
      1.00 2.564475
      1.10 2.537799
      1.20 2.630092
      1.30 2.795089
      1.40 2.562278
      1.50 2.649174
      1.60 2.554660
      1.70 2.857868
      1.80 2.541898
      1.90 2.456713
      2.00 2.810517
      2.10 2.682665
      2.20 2.851576
      2.30 2.623152
      2.40 2.774342
      2.50 2.595237
      2.60 2.794139
      2.70 2.708315
      2.80 2.619918
      2.90 2.618531
      3.00 2.555499
      3.10 2.545963
      3.20 2.478120
      3.30 2.728636
      3.40 2.652228
      3.50 2.699948
      3.60 2.590139
      3.70 2.640401
      3.80 2.746389
      3.90 2.644805
      4.00 2.553938
      4.10 2.692489
      4.20 2.557625
      4.30 2.699852
      4.40 2.602182
      4.50 2.503343
      4.60 2.660095
      4.70 2.741962
      4.80 2.663182
      4.90 2.626986
      5.00 2.700004
      5.10 2.593851
      5.20 2.626512
      5.30 2.540776
      5.40 2.742115
      5.50 2.685600
      5.60 2.590998
      5.70 2.548305
      5.80 2.619448
      5.90 2.676726
      6.00 2.637005
      6.10 2.557565
      6.20 2.643578
      6.30 2.593267
      6.40 2.552162
      6.50 2.624112
      6.60 2.692201
      6.70 2.749589
      6.80 2.661077
      6.90 2.531116
      7.00 2.645746
      7.10 2.615147
      7.20 2.815715
      7.30 2.670983
      7.40 2.699985
      7.50 2.581884
      7.60 2.562810
      7.70 2.580134
      7.80 2.571258
      7.90 2.630127
      8.00 2.710005
      8.10 2.655108
      8.20 2.787914
      8.30 2.498330
      8.40 2.575675
      8.50 2.597015
      8.60 2.673223
      8.70 2.699633
      8.80 2.627423
      8.90 2.694561
      9.00 2.651400
      9.10 2.606507
      9.20 2.594942
      9.30 2.512191
      9.40 2.663699
      9.50 2.625701
      9.60 2.567041
      9.70 2.527797
      9.80 2.570568
      9.90 2.547280
     10.00 2.533327
     10.10 2.633727
     10.20 2.478614
     10.30 2.610126
     10.40 2.578725
     10.50 2.764348
     10.60 2.649374
     10.70 2.771216
     10.80 2.571516
     10.90 2.604133
     11.00 2.576620
     11.10 2.540796
     11.20 2.700413
     11.30 2.789960
     11.40 2.828255
     11.50 2.592788
     11.60 2.578518
     11.70 2.701481
     11.80 2.502514
     11.90 2.583589
     12.00 2.626034
     12.10 2.690266
     12.20 2.580813
     12.30 2.733950
     12.40 2.717964
     12.50 2.676389
     12.60 2.598594
     12.70 2.843643
     12.80 2.583172
     12.90 2.607983
     13.00 2.557257
     13.10 2.676275
     13.20 2.694518
     13.30 2.548248
     13.40 2.728611
     13.50 2.857256
     13.60 2.571643
     13.70 2.745731
     13.80 2.808149
     13.90 2.519589
     14.00 2.745739
     14.10 2.768852
     14.20 2.686657
     14.30 2.601745
     14.40 2.610343
     14.50 2.745830
     14.60 2.811566
     14.70 2.667932
     14.80 2.495437
     14.90 2.835300
     15.00 2.701800
     15.10 2.673841
     15.20 2.712953
     15.30 2.758881
     15.40 2.531456
     15.50 2.607983
     15.60 2.514555
     15.70 2.712950
     15.80 2.545241
     15.90 2.532057
     16.00 2.543997
     16.10 2.635512
     16.20 2.635363
     16.30 2.605609
     16.40 2.639077
     16.50 2.729385
     16.60 2.742147
     16.70 2.516363
     16.80 2.669136
     16.90 2.563592
     17.00 2.740550
     17.10 2.765436
     17.20 2.651939
     17.30 2.836811
     17.40 2.639194
     17.50 2.616692
     17.60 2.631037
     17.70 2.662977
     17.80 2.584250
     17.90 2.548779
     18.00 2.581619
     18.10 2.536002
     18.20 2.679764
     18.30 2.849703
     18.40 2.605817
     18.50 2.668802
     18.60 2.591846
     18.70 2.607704
     18.80 2.689907
     18.90 2.626752
     19.00 2.609988
     19.10 2.674661
     19.20 2.640359
     19.30 2.540741
     19.40 2.626762
     19.50 2.682140
     19.60 2.754681
     19.70 2.587564
     19.80 2.479939
     19.90 2.627218
     20.00 2.634144
     20.10 2.585748
     20.20 2.491991
     20.30 2.642434
     20.40 2.609116
     20.50 2.752191
     20.60 2.724264
     20.70 2.750205
     20.80 2.772559
     20.90 2.637294
     21.00 2.573007
     21.10 2.708209
     21.20 2.680575
     21.30 2.775472
     21.40 2.516175
     21.50 2.780484
     21.60 2.639072
     21.70 2.600559
     21.80 2.603460
     21.90 2.826344
     22.00 2.630448
     22.10 2.981420
     22.20 2.705988
     22.30 2.717698
     22.40 2.476588
     22.50 2.781189
     22.60 2.568538
     22.70 2.658893
     22.80 2.745057
     22.90 2.633760
     23.00 2.643798
     23.10 2.670489
     23.20 2.733462
     23.30 2.631327
     23.40 2.602427
     23.50 2.618327
     23.60 2.573431
     23.70 2.786894
     23.80 2.574496
     23.90 2.458227
     24.00 2.518636
     24.10 2.729097
     24.20 2.564484
     24.30 2.547285
     24.40 2.587980
     24.50 2.594799
     24.60 2.596056
     24.70 2.526030
     24.80 2.546978
     24.90 2.696534
     25.00 2.656056
     25.10 2.596053
     25.20 2.717932
     25.30 2.583646
     25.40 2.667135
     25.50 2.694825
     25.60 2.652468
     25.70 2.566972
     25.80 2.711471
     25.90 2.725957
     26.00 2.740478
     26.10 2.585859
     26.20 2.742932
     26.30 2.796150
     26.40 2.493762
     26.50 2.612386
     26.60 2.567539
     26.70 2.557724
     26.80 2.632995
     26.90 2.776545
     27.00 2.630585
     27.10 2.566180
     27.20 2.529187
     27.30 2.770353
     27.40 2.568663
     27.50 2.526253
     27.60 2.664325
     27.70 2.824070
     27.80 2.562420
     27.90 2.510287
     28.00 2.572010
     28.10 2.638804
     28.20 2.603227
     28.30 2.735832
     28.40 2.757595
     28.50 2.463953
     28.60 2.653294
     28.70 2.774271
     28.80 2.578820
     28.90 2.647198
     29.00 2.603970
     29.10 2.600291
     29.20 2.564473
     29.30 2.686069
     29.40 2.659675
     29.50 2.728434
     29.60 2.710968
     29.70 2.602943
     29.80 2.648525
     29.90 2.602607
     30.00 2.656774
     30.10 2.592060
     30.20 2.578118
     30.30 2.770523
     30.40 2.636049
     30.50 2.644836
     30.60 2.574074
     30.70 2.506731
     30.80 2.605461
     30.90 2.682745
     31.00 2.787718
     31.10 2.624412
     31.20 2.585021
     31.30 2.741390
     31.40 2.783593
     31.50 2.820169
     31.60 2.642938
     31.70 2.630581
     31.80 2.718940
     31.90 2.672689
     32.00 2.431816
     32.10 2.664974
     32.20 2.580521
     32.30 2.672588
     32.40 2.601367
     32.50 2.557778
     32.60 2.544403
     32.70 2.686574
     32.80 2.697190
     32.90 2.558522
     33.00 2.647334
     33.10 2.451886
     33.20 2.656814
     33.30 2.577503
     33.40 2.682823
     33.50 2.505356
     33.60 2.640254
     33.70 2.652050
     33.80 2.578028
     33.90 2.675337
     34.00 2.781243
     34.10 2.494889
     34.20 2.635906
     34.30 2.723181
     34.40 2.769590
     34.50 2.572484
     34.60 2.589782
     34.70 2.578964
     34.80 2.640432
     34.90 2.640349
     35.00 2.699300
     35.10 2.683068
     35.20 2.585880
     35.30 2.648118
     35.40 2.549138
     35.50 2.537136
     35.60 2.600636
     35.70 2.579863
     35.80 2.876499
     35.90 2.851076
     36.00 2.811741
     36.10 2.479079
     36.20 2.493831
     36.30 2.617787
     36.40 2.815453
     36.50 2.656739
     36.60 2.539493
     36.70 2.569484
     36.80 2.598635
     36.90 2.767676
     37.00 2.602747
     37.10 2.527815
     37.20 2.733210
     37.30 2.630734
     37.40 2.581579
     37.50 2.740347
     37.60 2.567838
     37.70 2.581094
     37.80 2.458509
     37.90 2.566675
     38.00 2.675323
     38.10 2.647297
     38.20 2.658445
     38.30 2.624222
     38.40 2.627436
     38.50 2.650065
     38.60 2.697269
     38.70 2.803360
     38.80 2.710726
     38.90 2.638181
     39.00 2.760599
     39.10 2.648454
     39.20 2.688511
     39.30 2.805354
     39.40 2.472223
     39.50 2.657346
     39.60 2.722011
     39.70 2.697791
     39.80 2.610565
     39.90 2.658436
     40.00 2.537424
     40.10 2.659881
     40.20 2.551813
     40.30 2.558977
     40.40 2.663064
     40.50 2.717863
     40.60 2.802813
     40.70 2.463213
     40.80 2.690528
     40.90 2.659740
     41.00 2.559791
     41.10 2.642287
     41.20 2.611728
     41.30 2.639626
     41.40 2.609265
     41.50 2.467017
     41.60 2.677743
     41.70 2.683217
     41.80 2.773247
     41.90 2.537812
     42.00 2.675313
     42.10 2.567934
     42.20 2.673656
     42.30 2.612140
     42.40 2.644583
     42.50 2.531805
     42.60 2.710249
     42.70 2.535085
     42.80 2.651190
     42.90 2.590878
     43.00 2.512294
     43.10 2.594885
     43.20 2.660445
     43.30 2.589612
     43.40 2.606732
     43.50 2.485856
     43.60 2.591748
     43.70 2.644525
     43.80 2.684831
     43.90 2.679763
     44.00 2.797764
     44.10 2.694518
     44.20 2.728353
     44.30 2.811370
     44.40 2.649758
     44.50 2.650208
     44.60 2.649874
     44.70 2.640506
     44.80 2.808763
     44.90 2.458877
     45.00 2.498851
     45.10 2.677099
     45.20 2.713762
     45.30 2.673516
     45.40 2.694301
     45.50 2.836277
     45.60 2.734668
     45.70 2.704487
     45.80 2.566637
     45.90 2.684046
     46.00 2.794000
     46.10 2.661261
     46.20 2.599819
     46.30 2.581473
     46.40 2.744177
     46.50 2.639769
     46.60 2.634525
     46.70 2.624067
     46.80 2.578813
     46.90 2.717811
     47.00 2.619058
     47.10 2.797891
     47.20 2.665030
     47.30 2.507662
     47.40 2.801006
     47.50 2.477406
     47.60 2.473725
     47.70 2.700881
     47.80 2.813944
     47.90 2.665511
     48.00 2.803248
     48.10 2.689066
     48.20 2.666526
     48.30 2.580719
     48.40 2.633427
     48.50 2.672704
     48.60 2.794421
     48.70 2.601131
     48.80 2.540156
     48.90 2.599285
     49.00 2.479891
     49.10 2.783382
     49.20 2.717274
     49.30 2.660869
     49.40 2.663619
     49.50 2.685633
     49.60 2.731765
     49.70 2.637034
     49.80 2.821262
     49.90 2.861769
     50.00 2.580205
     50.10 2.559778
     50.20 2.438276
     50.30 2.670822
     50.40 2.552825
     50.50 2.607685
     50.60 2.726847
     50.70 2.528831
     50.80 2.572967
     50.90 2.545540
     51.00 2.848605
     51.10 2.544334
     51.20 2.765394
     51.30 2.576116
     51.40 2.614243
     51.50 2.547707
     51.60 2.491294
     51.70 2.716804
     51.80 2.629390
     51.90 2.773208
     52.00 2.855481
     52.10 2.691522
     52.20 2.748143
     52.30 2.702090
     52.40 2.743902
     52.50 2.713215
     52.60 2.703652
     52.70 2.758459
     52.80 2.630070
     52.90 2.683026
     53.00 2.459819
     53.10 2.657548
     53.20 2.809092
     53.30 2.746714
     53.40 2.827264
     53.50 2.635180
     53.60 2.578126
     53.70 2.578262
     53.80 2.698430
     53.90 2.628866
     54.00 2.635088
     54.10 2.615110
     54.20 2.664083
     54.30 2.715381
     54.40 2.752467
     54.50 2.697255
     54.60 2.575755
     54.70 2.622494
     54.80 2.665401
     54.90 2.617951
     55.00 2.572952
     55.10 2.638309
     55.20 2.747971
     55.30 2.655136
     55.40 2.596884
     55.50 2.611571
     55.60 2.805321
     55.70 2.666657
     55.80 2.642411
     55.90 2.680359
     56.00 2.659042
     56.10 2.622758
     56.20 2.567826
     56.30 2.611025
     56.40 2.636217
     56.50 2.701544
     56.60 2.629507
     56.70 2.796262
     56.80 2.584998
     56.90 2.668738
     57.00 2.662514
     57.10 2.558222
     57.20 2.671729
     57.30 2.681540
     57.40 2.678027
     57.50 2.800095
     57.60 2.777436
     57.70 2.557604
     57.80 2.669887
     57.90 2.553989
     58.00 2.738982
     58.10 2.600881
     58.20 2.654333
     58.30 2.736871
     58.40 2.469224
     58.50 2.601269
     58.60 2.867466
     58.70 2.556396
     58.80 2.866048
     58.90 2.667016
     59.00 2.768088
     59.10 2.698096
     59.20 2.654208
     59.30 2.632214
     59.40 2.588338
     59.50 2.747428
     59.60 2.711075
     59.70 2.621190
     59.80 2.614601
     59.90 2.585047
     60.00 2.465523
     60.10 2.817064
     60.20 2.558837
     60.30 2.762865
     60.40 2.682448
     60.50 2.935361
     60.60 2.580556
     60.70 2.493295
     60.80 2.630146
     60.90 2.675283
     61.00 2.598866
     61.10 2.585868
     61.20 2.666156
     61.30 2.632105
     61.40 2.701244
     61.50 2.520941
     61.60 2.529694
     61.70 2.564240
     61.80 2.612683
     61.90 2.934058
     62.00 2.727255
     62.10 2.606175
     62.20 2.600543
     62.30 2.637921
     62.40 2.806778
     62.50 2.800402
     62.60 2.808187
     62.70 2.613491
     62.80 2.671939
     62.90 2.489289
     63.00 2.459204
     63.10 2.660969
     63.20 2.622141
     63.30 2.624089
     63.40 2.584244
     63.50 2.729407
     63.60 2.643508
     63.70 2.610362
     63.80 2.795443
     63.90 2.552996
     64.00 2.526970
     64.10 2.517104
     64.20 2.562314
     64.30 2.808625
     64.40 2.805852
     64.50 2.732888
     64.60 2.710477
     64.70 2.678260
     64.80 2.628750
     64.90 2.490191
     65.00 2.597956
     65.10 2.871426
     65.20 2.603993
     65.30 2.701926
     65.40 2.638350
     65.50 2.801927
     65.60 2.747443
     65.70 2.504321
     65.80 2.638887
     65.90 2.567076
     66.00 2.679779
     66.10 2.758675
     66.20 2.516042
     66.30 2.555595
     66.40 2.621207
     66.50 2.631198
     66.60 2.709994
     66.70 2.568536
     66.80 2.668260
     66.90 2.744076
     67.00 2.722705
     67.10 2.735530
     67.20 2.652131
     67.30 2.718781
     67.40 2.552392
     67.50 2.594074
     67.60 2.689437
     67.70 2.809154
     67.80 2.658639
     67.90 2.527076
     68.00 2.831534
     68.10 2.559051
     68.20 2.849920
     68.30 2.612781
     68.40 2.688965
     68.50 2.639012
     68.60 2.749652
     68.70 2.779788
     68.80 2.670373
     68.90 2.566735
     69.00 2.637994
     69.10 2.526906
     69.20 2.594932
     69.30 2.667686
     69.40 2.793597
     69.50 2.766212
     69.60 2.652414
     69.70 2.579308
     69.80 2.726810
     69.90 2.636830
     70.00 2.546577
     70.10 2.750492
     70.20 2.696099
     70.30 2.620424
     70.40 2.649938
     70.50 2.576828
     70.60 2.682858
     70.70 2.817628
     70.80 2.606354
     70.90 2.644817
     71.00 2.733871
     71.10 2.713520
     71.20 2.631417
     71.30 2.517071
     71.40 2.680312
     71.50 2.646682
     71.60 2.622807
     71.70 2.633198
     71.80 2.685075
     71.90 2.604033
     72.00 2.728259
     72.10 2.545751
     72.20 2.640592
     72.30 2.654755
     72.40 2.595886
     72.50 2.593479
     72.60 2.642382
     72.70 2.638905
     72.80 2.667182
     72.90 2.783202
     73.00 2.606246
     73.10 2.584460
     73.20 2.673308
     73.30 2.547962
     73.40 2.611773
     73.50 2.676360
     73.60 2.658047
     73.70 2.599287
     73.80 2.732192
     73.90 2.542556
     74.00 2.636289
     74.10 2.576735
     74.20 2.634729
     74.30 2.817591
     74.40 2.688563
     74.50 2.641441
     74.60 2.614665
     74.70 2.714069
     74.80 2.565540
     74.90 2.738891
     75.00 2.566375
     75.10 2.718430
     75.20 2.732725
     75.30 2.549417
     75.40 2.587630
     75.50 2.586440
     75.60 2.665236
     75.70 2.607884
     75.80 2.464806
     75.90 2.622986
     76.00 2.703579
     76.10 2.666519
     76.20 2.595296
     76.30 2.655665
     76.40 2.603068
     76.50 2.564514
     76.60 2.600297
     76.70 2.706382
     76.80 2.595167
     76.90 2.584325
     77.00 2.729270
     77.10 2.628286
     77.20 2.766136
     77.30 2.709317
     77.40 2.581225
     77.50 2.623672
     77.60 2.724689
     77.70 2.606484
     77.80 2.795514
     77.90 2.697617
     78.00 2.656380
     78.10 2.736247
     78.20 2.623507
     78.30 2.712635
     78.40 2.623324
     78.50 2.607402
     78.60 2.843429
     78.70 2.578385
     78.80 2.838390
     78.90 2.619063
     79.00 2.787799
     79.10 2.696947
     79.20 2.704915
     79.30 2.712881
     79.40 2.654628
     79.50 2.581415
     79.60 2.697807
     79.70 2.599944
     79.80 2.698902
     79.90 2.633492
     80.00 2.782769
     80.10 2.588734
     80.20 2.719406
     80.30 2.783192
     80.40 2.580854
     80.50 2.560648
     80.60 2.566731
     80.70 2.572331
     80.80 2.568016
     80.90 2.542400
     81.00 2.627399
     81.10 2.683829
     81.20 2.748524
     81.30 2.742226
     81.40 2.582891
     81.50 2.680331
     81.60 2.515542
     81.70 2.779258
     81.80 2.746203
     81.90 2.774695
     82.00 2.608369
     82.10 2.658825
     82.20 2.777553
     82.30 2.633962
     82.40 2.782204
     82.50 2.607063
     82.60 2.856387
     82.70 3.028466
     82.80 3.096927
     82.90 2.905967
     83.00 2.543157
     83.10 2.620395
     83.20 2.663478
     83.30 2.512088
     83.40 2.612243
     83.50 2.653149
     83.60 2.552650
     83.70 2.785140
     83.80 2.735796
     83.90 2.535668
     84.00 2.537733
     84.10 2.624889
     84.20 2.908398
     84.30 2.535054
     84.40 2.615569
     84.50 2.774374
     84.60 2.810532
     84.70 2.528273
     84.80 2.699445
     84.90 2.541450
     85.00 2.818256
     85.10 2.461680
     85.20 2.732412
     85.30 2.586727
     85.40 2.923770
     85.50 2.739117
     85.60 2.749625
     85.70 2.669137
     85.80 2.673812
     85.90 3.021833
     86.00 3.013082
     86.10 3.036626
     86.20 2.922986
     86.30 3.196955
     86.40 3.251388
     86.50 2.930391
     86.60 2.700231
     86.70 2.865758
     86.80 2.741079
     86.90 2.787752
     87.00 2.718968
     87.10 2.702876
     87.20 2.554913
     87.30 2.613238
     87.40 2.637366
     87.50 2.544496
     87.60 2.622682
     87.70 2.538864
     87.80 2.732344
     87.90 2.652232
     88.00 2.603467
     88.10 2.657298
     88.20 2.628073
     88.30 2.677283
     88.40 2.564492
     88.50 2.728184
     88.60 2.507059
     88.70 2.521089
     88.80 2.736393
     88.90 2.639917
     89.00 2.562289
     89.10 2.589470
     89.20 2.676290
     89.30 2.660455
     89.40 2.743660
     89.50 2.610187
     89.60 2.733930
     89.70 2.692144
     89.80 2.830712
     89.90 2.548186
     90.00 2.676347
     90.10 2.577809
     90.20 2.759453
     90.30 2.628360
     90.40 2.664388
     90.50 2.694408
     90.60 2.627565
     90.70 2.817196
     90.80 2.676744
     90.90 2.630992
     91.00 2.563164
     91.10 2.661112
     91.20 2.510065
     91.30 2.618297
     91.40 2.507522
     91.50 2.602007
     91.60 2.607982
     91.70 2.655465
     91.80 2.632636
     91.90 2.582332
     92.00 2.632551
     92.10 2.624784
     92.20 2.739329
     92.30 2.580182
     92.40 2.856747
     92.50 2.651031
     92.60 2.690998
     92.70 2.681095
     92.80 2.738974
     92.90 2.723789
     93.00 2.580781
     93.10 2.643346
     93.20 2.567529
     93.30 2.586062
     93.40 2.835917
     93.50 2.601265
     93.60 2.583179
     93.70 2.547891
     93.80 2.687103
     93.90 2.573832
     94.00 2.648721
     94.10 2.543619
     94.20 2.618924
     94.30 2.657268
     94.40 2.633451
     94.50 2.596238
     94.60 2.677038
     94.70 2.647069
     94.80 2.600614
     94.90 2.823524
     95.00 2.577075
     95.10 2.874173
     95.20 3.102947
     95.30 2.551983
     95.40 2.620683
     95.50 2.703558
     95.60 2.631631
     95.70 2.555278
     95.80 2.706985
     95.90 2.666566
     96.00 2.675211
     96.10 2.669403
     96.20 2.734648
     96.30 2.795336
     96.40 2.741071
     96.50 2.564817
     96.60 2.537749
     96.70 2.697152
     96.80 2.536526
     96.90 2.790046
     97.00 2.590155
     97.10 2.556965
     97.20 2.635987
     97.30 2.585422
     97.40 2.648818
     97.50 2.684434
     97.60 2.722573
     97.70 2.651681
     97.80 2.513853
     97.90 2.630196
     98.00 2.668867
     98.10 2.651799
     98.20 2.823789
     98.30 2.677691
     98.40 2.633842
     98.50 2.795080
     98.60 2.635408
     98.70 2.569893
     98.80 2.506884
     98.90 2.713194
     99.00 2.578131
     99.10 2.658641
     99.20 2.503068
     99.30 2.604539
     99.40 2.546969
     99.50 2.692339
     99.60 2.585441
     99.70 2.733069
     99.80 2.528678
     99.90 2.484326
    100.00 2.642356
