      0.10 2.534566
      0.20 2.465644
      0.30 2.590591
      0.40 2.549413
      0.50 2.484305
      0.60 2.519427
      0.70 2.498829
      0.80 2.597007
      0.90 2.586731
      1.00 2.614869
      1.10 2.607729
      1.20 2.549415
      1.30 2.447675
      1.40 2.519824
      1.50 2.435306
      1.60 2.590326
      1.70 2.478538
      1.80 2.518662
      1.90 2.574582
      2.00 2.623279
      2.10 2.472913
      2.20 2.584957
      2.30 2.574743
      2.40 2.706980
      2.50 2.577401
      2.60 2.439732
      2.70 2.514303
      2.80 2.459835
      2.90 2.658187
      3.00 2.445509
      3.10 2.565656
      3.20 2.504874
      3.30 2.569203
      3.40 2.437259
      3.50 2.631377
      3.60 2.660655
      3.70 2.614096
      3.80 2.398523
      3.90 2.492535
      4.00 2.496233
      4.10 2.579510
      4.20 2.545705
      4.30 2.544320
      4.40 2.581676
      4.50 2.540134
      4.60 2.686345
      4.70 2.418051
      4.80 2.497331
      4.90 2.547361
      5.00 2.655215
      5.10 2.584062
      5.20 2.491344
      5.30 2.427646
      5.40 2.461064
      5.50 2.647255
      5.60 2.511696
      5.70 2.475295
      5.80 2.514824
      5.90 2.509359
      6.00 2.577340
      6.10 2.751323
      6.20 2.402567
      6.30 2.352076
      6.40 2.506370
      6.50 2.564217
      6.60 2.565593
      6.70 2.415658
      6.80 2.507895
      6.90 2.530859
      7.00 2.466545
      7.10 2.437657
      7.20 2.673243
      7.30 2.492987
      7.40 2.543132
      7.50 2.569423
      7.60 2.515883
      7.70 2.516310
      7.80 2.463757
      7.90 2.576234
      8.00 2.522023
      8.10 2.463268
      8.20 2.528988
      8.30 2.450876
      8.40 2.518984
      8.50 2.552482
      8.60 2.529927
      8.70 2.624890
      8.80 2.546691
      8.90 2.465263
      9.00 2.453445
      9.10 2.539630
      9.20 2.706741
      9.30 2.557604
      9.40 2.725152
      9.50 2.512110
      9.60 2.403877
      9.70 2.772453
      9.80 2.485612
      9.90 2.551938
     10.00 2.662044
     10.10 2.516000
     10.20 2.421915
     10.30 2.516750
     10.40 2.525804
     10.50 2.699622
     10.60 2.473525
     10.70 2.582576
     10.80 2.562645
     10.90 2.550434
     11.00 2.351421
     11.10 2.657084
     11.20 2.564188
     11.30 2.511414
     11.40 2.497830
     11.50 2.581490
     11.60 2.505489
     11.70 2.541714
     11.80 2.555479
     11.90 2.507936
     12.00 2.421254
     12.10 2.493780
     12.20 2.502999
     12.30 2.536374
     12.40 2.518350
     12.50 2.528491
     12.60 2.520794
     12.70 2.603348
     12.80 2.454915
     12.90 2.764388
     13.00 2.678303
     13.10 2.598622
     13.20 2.446584
     13.30 2.537976
     13.40 2.581710
     13.50 2.535043
     13.60 2.539900
     13.70 2.519937
     13.80 2.698191
     13.90 2.522926
     14.00 2.677151
     14.10 2.445036
     14.20 2.442925
     14.30 2.630394
     14.40 2.665997
     14.50 2.501932
     14.60 2.480877
     14.70 2.502176
     14.80 2.392346
     14.90 2.536169
     15.00 2.533824
     15.10 2.549264
     15.20 2.530860
     15.30 2.559603
     15.40 2.529894
     15.50 2.642378
     15.60 2.644682
     15.70 2.563436
     15.80 2.729666
     15.90 2.444545
     16.00 2.557280
     16.10 2.592983
     16.20 2.434177
     16.30 2.592265
     16.40 2.513002
     16.50 2.513720
     16.60 2.556779
     16.70 2.493143
     16.80 2.676833
     16.90 2.487870
     17.00 2.563936
     17.10 2.606006
     17.20 2.544627
     17.30 2.634554
     17.40 2.525225
     17.50 2.606831
     17.60 2.598850
     17.70 2.809942
     17.80 2.525968
     17.90 2.504138
     18.00 2.552246
     18.10 2.741992
     18.20 2.509100
     18.30 2.645263
     18.40 2.456209
     18.50 2.526984
     18.60 2.664971
     18.70 2.521066
     18.80 2.557365
     18.90 2.616196
     19.00 2.680805
     19.10 2.641069
     19.20 2.682525
     19.30 2.571623
     19.40 2.601774
     19.50 2.451712
     19.60 2.520473
     19.70 2.518329
     19.80 2.563740
     19.90 2.510243
     20.00 2.490896
     20.10 2.726988
     20.20 2.557036
     20.30 2.542293
     20.40 2.658863
     20.50 2.516947
     20.60 2.659452
     20.70 2.542563
     20.80 2.518837
     20.90 2.637965
     21.00 2.525674
     21.10 2.582703
     21.20 2.555445
     21.30 2.490373
     21.40 2.612360
     21.50 2.600285
     21.60 2.694884
     21.70 2.738016
     21.80 2.524774
     21.90 2.559794
     22.00 2.505415
     22.10 2.722103
     22.20 2.447876
     22.30 2.508940
     22.40 2.560146
     22.50 2.599872
     22.60 2.411742
     22.70 2.616454
     22.80 2.660606
     22.90 2.401168
     23.00 2.680865
     23.10 2.606770
     23.20 2.469447
     23.30 2.501989
     23.40 2.538887
     23.50 2.593989
     23.60 2.581434
     23.70 2.697991
     23.80 2.406479
     23.90 2.526473
     24.00 2.491309
     24.10 2.526551
     24.20 2.620324
     24.30 2.518870
     24.40 2.569761
     24.50 2.588084
     24.60 2.464546
     24.70 2.496563
     24.80 2.540189
     24.90 2.491335
     25.00 2.685205
     25.10 2.571499
     25.20 2.551418
     25.30 2.551598
     25.40 2.494135
     25.50 2.437476
     25.60 2.526768
     25.70 2.558267
     25.80 2.636967
     25.90 2.515830
     26.00 2.663026
     26.10 2.658530
     26.20 2.604189
     26.30 2.437312
     26.40 2.508436
     26.50 2.665678
     26.60 2.572278
     26.70 2.618633
     26.80 2.549147
     26.90 2.491186
     27.00 2.447297
     27.10 2.528765
     27.20 2.510793
     27.30 2.445495
     27.40 2.624753
     27.50 2.618973
     27.60 2.653453
     27.70 2.594080
     27.80 2.446059
     27.90 2.515647
     28.00 2.573627
     28.10 2.734694
     28.20 2.551983
     28.30 2.545951
     28.40 2.555731
     28.50 2.562770
     28.60 2.490943
     28.70 2.467418
     28.80 2.582546
     28.90 2.683989
     29.00 2.566075
     29.10 2.496671
     29.20 2.447794
     29.30 2.542831
     29.40 2.511811
     29.50 2.634488
     29.60 2.550278
     29.70 2.458191
     29.80 2.411480
     29.90 2.511321
     30.00 2.604721
     30.10 2.531992
     30.20 2.471738
     30.30 2.445723
     30.40 2.623656
     30.50 2.474346
     30.60 2.494283
     30.70 2.438910
     30.80 2.701661
     30.90 2.628862
     31.00 2.505063
     31.10 2.571525
     31.20 2.600605
     31.30 2.572882
     31.40 2.634488
     31.50 2.498645
     31.60 2.468992
     31.70 2.553837
     31.80 2.520848
     31.90 2.575936
     32.00 2.448877
     32.10 2.516422
     32.20 2.444329
     32.30 2.387698
     32.40 2.451723
     32.50 2.528189
     32.60 2.514551
     32.70 2.403942
     32.80 2.555360
     32.90 2.475562
     33.00 2.505973
     33.10 2.579057
     33.20 2.514626
     33.30 2.443469
     33.40 2.543551
     33.50 2.533679
     33.60 2.544828
     33.70 2.492195
     33.80 2.467945
     33.90 2.538398
     34.00 2.568189
     34.10 2.507786
     34.20 2.540467
     34.30 2.567089
     34.40 2.618459
     34.50 2.584625
     34.60 2.607950
     34.70 2.485504
     34.80 2.530590
     34.90 2.586807
     35.00 2.438813
     35.10 2.664254
     35.20 2.567512
     35.30 2.576412
     35.40 2.471296
     35.50 2.570903
     35.60 2.594676
     35.70 2.594169
     35.80 2.627766
     35.90 2.542078
     36.00 2.499403
     36.10 2.455404
     36.20 2.757901
     36.30 2.638407
     36.40 2.519416
     36.50 2.669288
     36.60 2.596928
     36.70 2.638367
     36.80 2.457449
     36.90 2.566524
     37.00 2.547441
     37.10 2.492662
     37.20 2.621356
     37.30 2.364279
     37.40 2.557301
     37.50 2.642480
     37.60 2.446902
     37.70 2.627408
     37.80 2.652429
     37.90 2.716969
     38.00 2.427218
     38.10 2.450581
     38.20 2.578953
     38.30 2.546735
     38.40 2.490717
     38.50 2.532280
     38.60 2.579141
     38.70 2.433174
     38.80 2.536570
     38.90 2.513497
     39.00 2.513765
     39.10 2.622358
     39.20 2.584537
     39.30 2.526960
     39.40 2.435118
     39.50 2.681428
     39.60 2.523621
     39.70 2.541317
     39.80 2.629745
     39.90 2.485078
     40.00 2.544007
     40.10 2.473801
     40.20 2.493335
     40.30 2.518077
     40.40 2.665714
     40.50 2.463884
     40.60 2.612586
     40.70 2.439945
     40.80 2.495033
     40.90 2.560745
     41.00 2.595359
     41.10 2.764270
     41.20 2.593670
     41.30 2.543126
     41.40 2.475842
     41.50 2.479391
     41.60 2.536849
     41.70 2.601525
     41.80 2.564036
     41.90 2.540329
     42.00 2.526921
     42.10 2.496290
     42.20 2.558466
     42.30 2.477540
     42.40 2.707850
     42.50 2.487368
     42.60 2.482634
     42.70 2.438228
     42.80 2.593716
     42.90 2.655252
     43.00 2.424342
     43.10 2.562247
     43.20 2.506650
     43.30 2.472933
     43.40 2.539267
     43.50 2.601286
     43.60 2.652215
     43.70 2.379140
     43.80 2.545956
     43.90 2.588185
     44.00 2.386846
     44.10 2.626756
     44.20 2.598222
     44.30 2.510631
     44.40 2.586725
     44.50 2.455626
     44.60 2.618051
     44.70 2.548931
     44.80 2.495127
     44.90 2.711789
     45.00 2.548489
     45.10 2.592358
     45.20 2.558027
     45.30 2.564441
     45.40 2.453546
     45.50 2.680188
     45.60 2.731163
     45.70 2.422522
     45.80 2.438738
     45.90 2.552905
     46.00 2.536869
     46.10 2.714844
     46.20 2.554668
     46.30 2.678632
     46.40 2.633799
     46.50 2.594889
     46.60 2.539256
     46.70 2.581836
     46.80 2.510499
     46.90 2.498438
     47.00 2.545948
     47.10 2.469672
     47.20 2.536546
     47.30 2.845280
     47.40 2.545764
     47.50 2.510868
     47.60 2.565769
     47.70 2.454558
     47.80 2.446078
     47.90 2.541068
     48.00 2.754477
     48.10 2.754684
     48.20 2.515846
     48.30 2.672530
     48.40 2.550192
     48.50 2.882184
     48.60 2.570147
     48.70 2.592800
     48.80 2.736612
     48.90 2.825816
     49.00 2.724805
     49.10 2.435263
     49.20 2.598194
     49.30 2.657038
     49.40 2.549594
     49.50 2.519324
     49.60 2.522528
     49.70 2.532356
     49.80 2.530988
     49.90 2.505477
     50.00 2.521704
     50.10 2.474214
     50.20 2.605660
     50.30 2.491573
     50.40 2.515713
     50.50 2.619514
     50.60 2.760242
     50.70 2.492650
     50.80 2.578974
     50.90 2.514875
     51.00 2.636780
     51.10 2.463011
     51.20 2.487762
     51.30 2.598816
     51.40 2.684378
     51.50 2.614872
     51.60 2.501632
     51.70 2.528526
     51.80 2.674184
     51.90 2.615234
     52.00 2.510481
     52.10 2.556424
     52.20 2.671305
     52.30 2.566719
     52.40 2.497694
     52.50 2.605521
     52.60 2.478099
     52.70 2.589765
     52.80 2.558909
     52.90 2.651970
     53.00 2.631610
     53.10 2.678617
     53.20 2.492107
     53.30 2.605599
     53.40 2.651409
     53.50 2.669813
     53.60 2.986671
     53.70 2.573271
     53.80 2.625713
     53.90 2.494919
     54.00 2.533208
     54.10 2.651848
     54.20 2.477780
     54.30 2.554128
     54.40 2.526903
     54.50 2.432021
     54.60 2.583264
     54.70 2.613394
     54.80 2.512425
     54.90 2.536727
     55.00 2.494328
     55.10 2.546207
     55.20 2.549641
     55.30 2.496857
     55.40 2.624644
     55.50 2.554216
     55.60 2.519140
     55.70 2.567248
     55.80 2.490656
     55.90 2.640548
     56.00 2.648237
     56.10 2.522066
     56.20 2.589649
     56.30 2.481017
     56.40 2.453153
     56.50 2.545271
     56.60 2.440501
     56.70 2.451991
     56.80 2.658609
     56.90 2.596014
     57.00 2.450162
     57.10 2.562348
     57.20 2.438866
     57.30 2.588054
     57.40 2.632402
     57.50 2.433253
     57.60 2.479620
     57.70 2.492761
     57.80 2.548567
     57.90 2.470032
     58.00 2.449482
     58.10 2.537833
     58.20 2.462333
     58.30 2.515747
     58.40 2.626018
     58.50 2.630909
     58.60 2.399380
     58.70 2.538117
     58.80 2.800103
     58.90 2.528385
     59.00 2.711404
     59.10 2.573259
     59.20 2.640193
     59.30 2.643671
     59.40 2.663598
     59.50 2.541256
     59.60 2.478820
     59.70 2.418654
     59.80 2.439967
     59.90 2.617613
     60.00 2.634994
     60.10 2.724491
     60.20 2.482127
     60.30 2.735219
     60.40 2.474288
     60.50 2.508555
     60.60 2.599682
     60.70 2.472911
     60.80 2.633812
     60.90 2.564847
     61.00 2.427886
     61.10 2.536220
     61.20 2.510485
     61.30 2.534599
     61.40 2.489540
     61.50 2.547901
     61.60 2.522670
     61.70 2.480435
     61.80 2.549421
     61.90 2.647970
     62.00 2.596217
     62.10 2.505208
     62.20 2.545794
     62.30 2.594197
     62.40 2.484578
     62.50 2.520405
     62.60 2.574220
     62.70 2.565551
     62.80 2.501979
     62.90 2.551418
     63.00 2.590357
     63.10 2.546245
     63.20 2.512956
     63.30 2.567882
     63.40 2.455990
     63.50 2.462812
     63.60 2.573268
     63.70 2.547153
     63.80 2.505438
     63.90 2.477234
     64.00 2.508930
     64.10 2.439720
     64.20 2.607970
     64.30 2.570032
     64.40 2.613094
     64.50 2.513894
     64.60 2.578024
     64.70 2.513197
     64.80 2.458092
     64.90 2.555187
     65.00 2.567185
     65.10 2.516237
     65.20 2.540241
     65.30 2.586713
     65.40 2.443829
     65.50 2.547256
     65.60 2.492631
     65.70 2.514468
     65.80 2.420821
     65.90 2.597369
     66.00 2.568184
     66.10 2.423745
     66.20 2.694288
     66.30 2.674901
     66.40 2.532081
     66.50 2.551100
     66.60 2.544258
     66.70 2.690495
     66.80 2.656556
     66.90 2.495210
     67.00 2.585062
     67.10 2.704994
     67.20 2.704473
     67.30 2.442924
     67.40 2.486987
     67.50 2.514128
     67.60 2.519707
     67.70 2.524689
     67.80 2.675282
     67.90 2.499059
     68.00 2.669292
     68.10 2.491496
     68.20 2.622836
     68.30 2.547219
     68.40 2.491174
     68.50 2.439706
     68.60 2.364994
     68.70 2.637733
     68.80 2.494871
     68.90 2.428416
     69.00 2.675944
     69.10 2.474492
     69.20 2.686123
     69.30 2.580373
     69.40 2.519963
     69.50 2.562882
     69.60 2.520522
     69.70 2.535328
     69.80 2.476392
     69.90 2.558938
     70.00 2.429048
     70.10 2.452502
     70.20 2.671970
     70.30 2.539451
     70.40 2.670056
     70.50 2.488648
     70.60 2.649123
     70.70 2.616823
     70.80 2.468566
     70.90 2.551242
     71.00 2.454823
     71.10 2.735940
     71.20 2.614390
     71.30 2.566235
     71.40 2.544193
     71.50 2.650855
     71.60 2.653605
     71.70 2.397525
     71.80 2.514032
     71.90 2.588850
     72.00 2.499898
     72.10 2.593415
     72.20 2.575721
     72.30 2.399887
     72.40 2.619829
     72.50 2.635376
     72.60 2.476088
     72.70 2.610040
     72.80 2.641895
     72.90 2.487658
     73.00 2.484357
     73.10 2.589067
     73.20 2.524447
     73.30 2.472179
     73.40 2.591953
     73.50 2.511928
     73.60 2.692773
     73.70 2.548142
     73.80 2.685633
     73.90 2.529995
     74.00 2.456212
     74.10 2.492072
     74.20 2.445638
     74.30 2.576150
     74.40 2.470357
     74.50 2.808562
     74.60 2.521941
     74.70 2.469668
     74.80 2.474318
     74.90 2.715907
     75.00 2.537108
     75.10 2.576091
     75.20 2.508121
     75.30 2.547113
     75.40 2.713166
     75.50 2.461370
     75.60 2.520832
     75.70 2.646101
     75.80 2.697420
     75.90 2.507950
     76.00 2.516309
     76.10 2.592523
     76.20 2.500831
     76.30 2.525397
     76.40 2.498656
     76.50 2.618297
     76.60 2.640911
     76.70 2.559603
     76.80 2.535612
     76.90 2.663245
     77.00 2.525305
     77.10 2.457421
     77.20 2.626485
     77.30 2.473412
     77.40 2.592128
     77.50 2.615017
     77.60 2.541977
     77.70 2.523207
     77.80 2.638908
     77.90 2.501982
     78.00 2.436754
     78.10 2.557817
     78.20 2.543393
     78.30 2.612262
     78.40 2.620660
     78.50 2.574250
     78.60 2.511813
     78.70 2.450699
     78.80 2.757497
     78.90 2.615830
     79.00 2.615877
     79.10 2.525870
     79.20 2.539981
     79.30 2.559457
     79.40 2.522833
     79.50 2.559239
     79.60 2.483251
     79.70 2.475432
     79.80 2.735352
     79.90 2.625030
     80.00 2.598674
     80.10 2.574426
     80.20 2.477411
     80.30 2.741389
     80.40 2.529891
     80.50 2.554918
     80.60 2.539853
     80.70 2.514512
     80.80 2.594912
     80.90 2.447701
     81.00 2.558976
     81.10 2.462405
     81.20 2.646949
     81.30 2.681864
     81.40 2.522199
     81.50 2.609332
     81.60 2.503715
     81.70 2.789934
     81.80 2.530363
     81.90 2.717771
     82.00 2.542454
     82.10 2.564705
     82.20 2.435243
     82.30 2.541951
     82.40 2.637385
     82.50 2.660676
     82.60 2.715037
     82.70 2.426975
     82.80 2.521337
     82.90 2.607465
     83.00 2.546266
     83.10 2.448229
     83.20 2.494209
     83.30 2.594705
     83.40 2.588116
     83.50 2.533643
     83.60 2.485823
     83.70 2.499923
     83.80 2.528132
     83.90 2.615695
     84.00 2.569982
     84.10 2.586498
     84.20 2.542043
     84.30 2.555841
     84.40 2.748168
     84.50 2.407445
     84.60 2.619322
     84.70 2.521428
     84.80 2.533064
     84.90 2.533534
     85.00 2.655777
     85.10 2.610274
     85.20 2.627138
     85.30 2.457604
     85.40 2.637987
     85.50 2.391049
     85.60 2.571780
     85.70 2.580759
     85.80 2.600745
     85.90 2.476290
     86.00 2.605914
     86.10 2.593259
     86.20 2.582719
     86.30 2.546503
     86.40 2.610436
     86.50 2.629714
     86.60 2.498706
     86.70 2.468876
     86.80 2.596529
     86.90 2.504753
     87.00 2.465853
     87.10 2.512540
     87.20 2.603321
     87.30 2.630964
     87.40 2.515017
     87.50 2.551320
     87.60 2.553768
     87.70 2.488548
     87.80 2.757487
     87.90 2.634614
     88.00 2.693658
     88.10 2.564014
     88.20 2.580347
     88.30 2.714619
     88.40 2.782425
     88.50 2.620652
     88.60 2.709731
     88.70 2.599676
     88.80 2.531951
     88.90 2.474320
     89.00 2.588664
     89.10 2.638655
     89.20 2.611480
     89.30 2.530749
     89.40 2.538380
     89.50 2.581195
     89.60 2.567946
     89.70 2.549747
     89.80 2.588347
     89.90 2.565886
     90.00 2.702537
     90.10 2.525786
     90.20 2.616037
     90.30 2.540592
     90.40 2.617365
     90.50 2.599639
     90.60 2.636845
     90.70 2.657447
     90.80 2.537145
     90.90 2.565993
     91.00 2.505614
     91.10 2.574845
     91.20 2.828286
     91.30 2.598114
     91.40 2.504535
     91.50 2.552512
     91.60 2.502121
     91.70 2.456490
     91.80 2.494916
     91.90 2.500898
     92.00 2.628282
     92.10 2.464063
     92.20 2.485148
     92.30 2.572033
     92.40 2.750152
     92.50 3.029077
     92.60 2.756035
     92.70 2.674938
     92.80 2.581087
     92.90 2.496788
     93.00 2.527374
     93.10 2.414334
     93.20 2.465771
     93.30 2.689232
     93.40 2.579423
     93.50 2.624563
     93.60 2.623472
     93.70 2.951640
     93.80 3.033827
     93.90 2.847388
     94.00 2.535653
     94.10 2.512590
     94.20 2.591211
     94.30 2.676439
     94.40 2.433858
     94.50 2.521980
     94.60 2.589328
     94.70 2.541563
     94.80 2.523127
     94.90 2.837776
     95.00 2.578342
     95.10 3.026788
     95.20 2.835505
     95.30 3.106969
     95.40 3.246710
     95.50 2.900702
     95.60 2.787766
     95.70 3.037901
     95.80 3.165429
     95.90 3.145307
     96.00 2.522549
     96.10 2.480796
     96.20 2.576842
     96.30 2.682996
     96.40 2.545680
     96.50 2.614860
     96.60 2.619347
     96.70 2.754079
     96.80 2.568892
     96.90 2.657164
     97.00 2.658154
     97.10 2.441446
     97.20 2.475743
     97.30 2.597219
     97.40 2.522488
     97.50 2.448709
     97.60 2.833185
     97.70 2.602100
     97.80 2.662749
     97.90 2.634350
     98.00 2.465862
     98.10 2.702648
     98.20 2.630900
     98.30 2.851926
     98.40 2.634204
     98.50 2.675591
     98.60 2.534464
     98.70 2.805592
     98.80 2.565791
     98.90 2.770621
     99.00 2.550822
     99.10 2.865201
     99.20 2.507125
     99.30 2.618322
     99.40 2.577636
     99.50 2.466133
     99.60 2.493754
     99.70 2.479967
     99.80 2.531608
     99.90 2.645795
    100.00 2.511581
