      0.10 4.230801
      0.20 4.367982
      0.30 3.753416
      0.40 3.718607
      0.50 3.669193
      0.60 3.982259
      0.70 4.001674
      0.80 3.877249
      0.90 3.752393
      1.00 3.881279
      1.10 3.675593
      1.20 3.698071
      1.30 3.956890
      1.40 3.794939
      1.50 3.852809
      1.60 4.058251
      1.70 4.150042
      1.80 3.883135
      1.90 3.762507
      2.00 4.158115
      2.10 4.359797
      2.20 4.443055
      2.30 4.359159
      2.40 4.286397
      2.50 4.188763
      2.60 4.149841
      2.70 4.009073
      2.80 4.017566
      2.90 3.918886
      3.00 3.887479
      3.10 4.304385
      3.20 3.969487
      3.30 3.528837
      3.40 3.370380
      3.50 3.308533
      3.60 3.928763
      3.70 4.240932
      3.80 3.937447
      3.90 3.898821
      4.00 3.848441
      4.10 4.055871
      4.20 3.886179
      4.30 4.082644
      4.40 4.030710
      4.50 4.047186
      4.60 4.006272
      4.70 3.879467
      4.80 3.979124
      4.90 4.042464
      5.00 3.898351
      5.10 4.078097
      5.20 3.935558
      5.30 3.711422
      5.40 3.941210
      5.50 4.220754
      5.60 3.874451
      5.70 3.989386
      5.80 3.935534
      5.90 4.025135
      6.00 4.147195
      6.10 4.089579
      6.20 3.512432
      6.30 3.788942
      6.40 3.731854
      6.50 3.784808
      6.60 4.258761
      6.70 4.081604
      6.80 3.812732
      6.90 4.011098
      7.00 3.862307
      7.10 3.798984
      7.20 4.305007
      7.30 3.846498
      7.40 3.327762
      7.50 3.483454
      7.60 3.612834
      7.70 3.506510
      7.80 3.490974
      7.90 3.756417
      8.00 3.944241
      8.10 3.923018
      8.20 3.858565
      8.30 3.993195
      8.40 4.107608
      8.50 3.541207
      8.60 3.729607
      8.70 3.806491
      8.80 3.723334
      8.90 3.748560
      9.00 3.981153
      9.10 3.847821
      9.20 3.731913
      9.30 4.025033
      9.40 3.952577
      9.50 3.971003
      9.60 3.790997
      9.70 3.829451
      9.80 3.816603
      9.90 3.550725
     10.00 3.617670
     10.10 3.735957
     10.20 3.799741
     10.30 3.696797
     10.40 3.851532
     10.50 4.017523
     10.60 3.906106
     10.70 3.773265
     10.80 3.835606
     10.90 4.056628
     11.00 3.953320
     11.10 4.088850
     11.20 3.729620
     11.30 3.745497
     11.40 3.758975
     11.50 3.820509
     11.60 3.920672
     11.70 4.017811
     11.80 4.063867
     11.90 4.014672
     12.00 4.066795
     12.10 3.830223
     12.20 3.392728
     12.30 3.416273
     12.40 3.660324
     12.50 3.514023
     12.60 3.725011
     12.70 3.629324
     12.80 3.813479
     12.90 3.818214
     13.00 3.790183
     13.10 3.724228
     13.20 3.623244
     13.30 3.703513
     13.40 4.059391
     13.50 4.231464
     13.60 3.966560
     13.70 4.065555
     13.80 3.950771
     13.90 4.053749
     14.00 3.896123
     14.10 3.769133
     14.20 3.795049
     14.30 3.952741
     14.40 4.102108
     14.50 4.196425
     14.60 3.918509
     14.70 3.897125
     14.80 3.568001
     14.90 3.640473
     15.00 4.255713
     15.10 4.131996
     15.20 3.520897
     15.30 3.182256
     15.40 3.265385
     15.50 3.592463
     15.60 4.068783
     15.70 4.161537
     15.80 3.632506
     15.90 3.332418
     16.00 3.462120
     16.10 3.993112
     16.20 3.926869
     16.30 3.522861
     16.40 3.440112
     16.50 3.614443
     16.60 3.642397
     16.70 3.866450
     16.80 3.836649
     16.90 3.737893
     17.00 3.363479
     17.10 3.360995
     17.20 3.737907
     17.30 3.835697
     17.40 4.154692
     17.50 4.087476
     17.60 3.891266
     17.70 3.693933
     17.80 3.583734
     17.90 3.370553
     18.00 3.762967
     18.10 3.947990
     18.20 4.122443
     18.30 4.134406
     18.40 3.750987
     18.50 3.582731
     18.60 4.119827
     18.70 3.641604
     18.80 3.449806
     18.90 3.633467
     19.00 3.605628
     19.10 3.903711
     19.20 3.860237
     19.30 3.808628
     19.40 3.888381
     19.50 3.618634
     19.60 3.531138
     19.70 3.203234
     19.80 3.722706
     19.90 3.884787
     20.00 3.859736
     20.10 4.142596
     20.20 3.892311
     20.30 3.325769
     20.40 3.416544
     20.50 3.501781
     20.60 3.745532
     20.70 3.576016
     20.80 3.970193
     20.90 4.231584
     21.00 3.875327
     21.10 3.441797
     21.20 3.421755
     21.30 3.446881
     21.40 3.011123
     21.50 3.518874
     21.60 3.488317
     21.70 3.481110
     21.80 3.465164
     21.90 3.747959
     22.00 4.094469
     22.10 3.878207
     22.20 3.552354
     22.30 3.372183
     22.40 3.427324
     22.50 3.406849
     22.60 3.672354
     22.70 3.945498
     22.80 3.699097
     22.90 3.528181
     23.00 3.636762
     23.10 3.659144
     23.20 3.523441
     23.30 3.736785
     23.40 3.635233
     23.50 3.589071
     23.60 3.809239
     23.70 3.964015
     23.80 3.333282
     23.90 3.119328
     24.00 3.686052
     24.10 3.982594
     24.20 4.033554
     24.30 3.791984
     24.40 3.718065
     24.50 3.698744
     24.60 3.563821
     24.70 3.672812
     24.80 3.334852
     24.90 3.630445
     25.00 3.449818
     25.10 3.753407
     25.20 3.934714
     25.30 3.722309
     25.40 3.643349
     25.50 3.918019
     25.60 4.080825
     25.70 3.831550
     25.80 3.675912
     25.90 3.172622
     26.00 3.422014
     26.10 3.742143
     26.20 3.718352
     26.30 3.703894
     26.40 3.644339
     26.50 3.644904
     26.60 3.625482
     26.70 3.651844
     26.80 4.067606
     26.90 4.025730
     27.00 3.820720
     27.10 3.901456
     27.20 3.880456
     27.30 3.947702
     27.40 3.867742
     27.50 3.656800
     27.60 3.472236
     27.70 3.363342
     27.80 3.315261
     27.90 3.321198
     28.00 3.251438
     28.10 3.717985
     28.20 3.953870
     28.30 4.233877
     28.40 3.872205
     28.50 3.734819
     28.60 3.769608
     28.70 3.940786
     28.80 3.611955
     28.90 3.470301
     29.00 3.693405
     29.10 3.845709
     29.20 3.631763
     29.30 3.525403
     29.40 3.914016
     29.50 4.150548
     29.60 4.005561
     29.70 3.503038
     29.80 3.450151
     29.90 3.893958
     30.00 4.202808
     30.10 4.000933
     30.20 3.542462
     30.30 3.543929
     30.40 3.905818
     30.50 3.785516
     30.60 3.727506
     30.70 3.947576
     30.80 3.893748
     30.90 3.750649
     31.00 3.841213
     31.10 4.204922
     31.20 3.941147
     31.30 4.116197
     31.40 3.986992
     31.50 3.755014
     31.60 3.708877
     31.70 3.679714
     31.80 3.378178
     31.90 3.488390
     32.00 3.716051
     32.10 3.882816
     32.20 3.879304
     32.30 4.228090
     32.40 3.965886
     32.50 3.623823
     32.60 3.509999
     32.70 3.741815
     32.80 3.706027
     32.90 3.861504
     33.00 4.106774
     33.10 3.716417
     33.20 3.532048
     33.30 3.521606
     33.40 4.017500
     33.50 3.980567
     33.60 3.929558
     33.70 3.765698
     33.80 3.279506
     33.90 3.538941
     34.00 3.766442
     34.10 3.876961
     34.20 3.986048
     34.30 3.998788
     34.40 3.750066
     34.50 3.824553
     34.60 3.723531
     34.70 3.640681
     34.80 3.338210
     34.90 3.763024
     35.00 4.010701
     35.10 4.169890
     35.20 3.961549
     35.30 3.748780
     35.40 3.729847
     35.50 3.793554
     35.60 3.859799
     35.70 3.809668
     35.80 4.082225
     35.90 3.905012
     36.00 3.581067
     36.10 4.009333
     36.20 4.070808
     36.30 4.313387
     36.40 3.992520
     36.50 3.592912
     36.60 3.447583
     36.70 3.448566
     36.80 3.377489
     36.90 3.532211
     37.00 3.661187
     37.10 3.374040
     37.20 3.708693
     37.30 3.691478
     37.40 3.721220
     37.50 3.806575
     37.60 3.627331
     37.70 3.434081
     37.80 3.249753
     37.90 3.521957
     38.00 3.432245
     38.10 3.421572
     38.20 3.790921
     38.30 3.815964
     38.40 3.600961
     38.50 3.915866
     38.60 3.864909
     38.70 3.914062
     38.80 3.917150
     38.90 3.623911
     39.00 3.763415
     39.10 3.662683
     39.20 3.705612
     39.30 3.650857
     39.40 3.693786
     39.50 3.876849
     39.60 3.929206
     39.70 3.975659
     39.80 3.657349
     39.90 3.695426
     40.00 3.635776
     40.10 3.576803
     40.20 3.361760
     40.30 3.549065
     40.40 3.796647
     40.50 3.796128
     40.60 3.291730
     40.70 3.178095
     40.80 3.478158
     40.90 3.415792
     41.00 3.657479
     41.10 3.850174
     41.20 3.873512
     41.30 3.906381
     41.40 3.678533
     41.50 3.697163
     41.60 3.879193
     41.70 4.007890
     41.80 3.995513
     41.90 3.886338
     42.00 3.664388
     42.10 3.691545
     42.20 3.815272
     42.30 3.506820
     42.40 3.730420
     42.50 3.858452
     42.60 4.079732
     42.70 3.969207
     42.80 3.957861
     42.90 3.703387
     43.00 3.802607
     43.10 3.307896
     43.20 3.159274
     43.30 3.541444
     43.40 3.813524
     43.50 4.100586
     43.60 4.043862
     43.70 3.791344
     43.80 3.509474
     43.90 3.408631
     44.00 3.568998
     44.10 3.452243
     44.20 3.352142
     44.30 3.567578
     44.40 3.285580
     44.50 3.211348
     44.60 3.018667
     44.70 3.016498
     44.80 3.213485
     44.90 3.400168
     45.00 3.390047
     45.10 3.351466
     45.20 3.370272
     45.30 3.427553
     45.40 3.411019
     45.50 3.376449
     45.60 3.338096
     45.70 3.279962
     45.80 3.448150
     45.90 3.340697
     46.00 3.282311
     46.10 2.911029
     46.20 3.106860
     46.30 3.206293
     46.40 3.254592
     46.50 3.256116
     46.60 3.331740
     46.70 3.051509
     46.80 3.321808
     46.90 3.414461
     47.00 3.476056
     47.10 3.485463
     47.20 3.246226
     47.30 3.249755
     47.40 3.289559
     47.50 3.143969
     47.60 3.309166
     47.70 3.390977
     47.80 3.080447
     47.90 2.881841
     48.00 3.012543
     48.10 2.906464
     48.20 3.374669
     48.30 3.214922
     48.40 2.959228
     48.50 2.906156
     48.60 3.201229
     48.70 2.946994
     48.80 2.985965
     48.90 2.990570
     49.00 3.277952
     49.10 3.430640
     49.20 2.794871
     49.30 3.339305
     49.40 3.140751
     49.50 3.398506
     49.60 3.861877
     49.70 4.108818
     49.80 4.024899
     49.90 3.948301
     50.00 3.816330
     50.10 3.885237
     50.20 3.966702
     50.30 4.056095
     50.40 3.703975
     50.50 3.383636
     50.60 3.638029
     50.70 3.791274
     50.80 3.687491
     50.90 3.817764
     51.00 3.508458
     51.10 3.680727
     51.20 3.580702
     51.30 4.111032
     51.40 3.954621
     51.50 4.033851
     51.60 3.870952
     51.70 3.735612
     51.80 3.443735
     51.90 3.300932
     52.00 3.188954
     52.10 3.540127
     52.20 3.544942
     52.30 3.747787
     52.40 3.646334
     52.50 3.311953
     52.60 3.622759
     52.70 3.765519
     52.80 3.702661
     52.90 3.516268
     53.00 3.433425
     53.10 3.239714
     53.20 3.348325
     53.30 3.237124
     53.40 3.488558
     53.50 3.222051
     53.60 2.947591
     53.70 3.092865
     53.80 3.652700
     53.90 3.973043
     54.00 3.986899
     54.10 3.717702
     54.20 3.912029
     54.30 3.967950
     54.40 3.733125
     54.50 3.429501
     54.60 3.470218
     54.70 3.800499
     54.80 3.768722
     54.90 3.683849
     55.00 3.886593
     55.10 4.009694
     55.20 3.677442
     55.30 3.441384
     55.40 3.657143
     55.50 3.874870
     55.60 4.285540
     55.70 3.989173
     55.80 3.748799
     55.90 3.622073
     56.00 3.604306
     56.10 3.910112
     56.20 3.931124
     56.30 3.941663
     56.40 3.949866
     56.50 4.049393
     56.60 3.871446
     56.70 3.917556
     56.80 4.145603
     56.90 4.198138
     57.00 3.956831
     57.10 3.609401
     57.20 3.700369
     57.30 4.044522
     57.40 3.891263
     57.50 3.805124
     57.60 4.015103
     57.70 4.163682
     57.80 4.020353
     57.90 4.092468
     58.00 4.020412
     58.10 3.680181
     58.20 3.599629
     58.30 3.708368
     58.40 3.753359
     58.50 3.626483
     58.60 3.514378
     58.70 3.308243
     58.80 3.319842
     58.90 3.240780
     59.00 3.176622
     59.10 3.198904
     59.20 3.112894
     59.30 3.219169
     59.40 3.418691
     59.50 3.867605
     59.60 3.879184
     59.70 3.881665
     59.80 4.076509
     59.90 4.098379
     60.00 4.115334
     60.10 4.119886
     60.20 4.225310
     60.30 3.853639
     60.40 3.527407
     60.50 3.190371
     60.60 3.201527
     60.70 3.786206
     60.80 4.127518
     60.90 3.992540
     61.00 3.739186
     61.10 3.904447
     61.20 4.006232
     61.30 4.190274
     61.40 4.198170
     61.50 3.824255
     61.60 3.919316
     61.70 4.067533
     61.80 3.708631
     61.90 4.009241
     62.00 3.681255
     62.10 3.651577
     62.20 3.767367
     62.30 3.839969
     62.40 3.833460
     62.50 3.908487
     62.60 3.698714
     62.70 3.518639
     62.80 3.338229
     62.90 3.494751
     63.00 3.651574
     63.10 3.832703
     63.20 3.940448
     63.30 3.868429
     63.40 3.702211
     63.50 3.643715
     63.60 3.765463
     63.70 3.787666
     63.80 3.859668
     63.90 3.563636
     64.00 3.565566
     64.10 3.912292
     64.20 3.970037
     64.30 3.645075
     64.40 3.454301
     64.50 3.593873
     64.60 3.818801
     64.70 3.799061
     64.80 3.929104
     64.90 3.983712
     65.00 4.149893
     65.10 3.951244
     65.20 3.598920
     65.30 3.601339
     65.40 3.857464
     65.50 3.351195
     65.60 3.483266
     65.70 3.745306
     65.80 3.774527
     65.90 4.095985
     66.00 4.094061
     66.10 3.882576
     66.20 3.664772
     66.30 4.062309
     66.40 3.950049
     66.50 3.456363
     66.60 3.321841
     66.70 3.554829
     66.80 3.812505
     66.90 3.757095
     67.00 3.410803
     67.10 3.696695
     67.20 3.965004
     67.30 3.950522
     67.40 3.792906
     67.50 3.756459
     67.60 3.667295
     67.70 3.392608
     67.80 3.355584
     67.90 3.508506
     68.00 3.779991
     68.10 3.717376
     68.20 3.827711
     68.30 3.750953
     68.40 3.631407
     68.50 3.840718
     68.60 3.824805
     68.70 3.729999
     68.80 3.444645
     68.90 3.739389
     69.00 3.812748
     69.10 3.671826
     69.20 3.518593
     69.30 3.797675
     69.40 3.875686
     69.50 3.658910
     69.60 3.537034
     69.70 3.453118
     69.80 3.621492
     69.90 3.698870
     70.00 3.845191
     70.10 3.726044
     70.20 3.914687
     70.30 3.744890
     70.40 3.786545
     70.50 3.804782
     70.60 3.774741
     70.70 4.160868
     70.80 3.823257
     70.90 3.556935
     71.00 3.727965
     71.10 3.857315
     71.20 3.653318
     71.30 3.378260
     71.40 3.323700
     71.50 3.628148
     71.60 3.425297
     71.70 3.696580
     71.80 3.885866
     71.90 3.623955
     72.00 3.552073
     72.10 3.618996
     72.20 3.394588
     72.30 3.369779
     72.40 3.462444
     72.50 3.594389
     72.60 3.584357
     72.70 3.528291
     72.80 3.719845
     72.90 3.700503
     73.00 3.730851
     73.10 3.715537
     73.20 3.409777
     73.30 3.245775
     73.40 3.208407
     73.50 3.856868
     73.60 4.318374
     73.70 3.744130
     73.80 3.558041
     73.90 3.775201
     74.00 3.736073
     74.10 3.592604
     74.20 3.688842
     74.30 4.249738
     74.40 4.184548
     74.50 4.113228
     74.60 3.897277
     74.70 3.554603
     74.80 3.742236
     74.90 3.947606
     75.00 3.927374
     75.10 4.023801
     75.20 3.837327
     75.30 3.658219
     75.40 3.896193
     75.50 3.781759
     75.60 3.790425
     75.70 3.711812
     75.80 3.826318
     75.90 3.681096
     76.00 3.773745
     76.10 3.692989
     76.20 3.965455
     76.30 3.849616
     76.40 3.688924
     76.50 3.483103
     76.60 3.558045
     76.70 3.834333
     76.80 3.573376
     76.90 3.821429
     77.00 3.808862
     77.10 3.770920
     77.20 3.904887
     77.30 3.986599
     77.40 4.053990
     77.50 4.208518
     77.60 3.394345
     77.70 3.302247
     77.80 3.366735
     77.90 3.495190
     78.00 3.587187
     78.10 3.941224
     78.20 3.727218
     78.30 4.137200
     78.40 3.974934
     78.50 3.771810
     78.60 4.035773
     78.70 3.997776
     78.80 3.704057
     78.90 3.578250
     79.00 3.738087
     79.10 3.671092
     79.20 4.156497
     79.30 4.285325
     79.40 3.842798
     79.50 3.840682
     79.60 3.967255
     79.70 3.838836
     79.80 4.180677
     79.90 3.983196
     80.00 3.694695
     80.10 3.790173
     80.20 3.884496
     80.30 3.837881
     80.40 3.946748
     80.50 3.742344
     80.60 3.780408
     80.70 4.197261
     80.80 4.334721
     80.90 3.808908
     81.00 3.344840
     81.10 3.095262
     81.20 2.913974
     81.30 2.753800
     81.40 3.301081
     81.50 3.371426
     81.60 3.137522
     81.70 2.970989
     81.80 3.182418
     81.90 3.500599
     82.00 3.340034
     82.10 3.097207
     82.20 3.318527
     82.30 3.280346
     82.40 3.413711
     82.50 3.338334
     82.60 3.140868
     82.70 3.313690
     82.80 3.337184
     82.90 3.602793
     83.00 3.443765
     83.10 3.158546
     83.20 3.220078
     83.30 3.508418
     83.40 3.487424
     83.50 3.296072
     83.60 3.306559
     83.70 3.538371
     83.80 3.321286
     83.90 3.423493
     84.00 3.511366
     84.10 3.725839
     84.20 3.415074
     84.30 3.603360
     84.40 3.616277
     84.50 3.537458
     84.60 3.250837
     84.70 3.238175
     84.80 3.207646
     84.90 3.161012
     85.00 2.867158
     85.10 3.371682
     85.20 3.104197
     85.30 3.422396
     85.40 3.271800
     85.50 3.246035
     85.60 3.633497
     85.70 3.688700
     85.80 3.289968
     85.90 3.620415
     86.00 3.439278
     86.10 3.716443
     86.20 3.640774
     86.30 3.806125
     86.40 3.840683
     86.50 3.547958
     86.60 3.223523
     86.70 3.494134
     86.80 3.477111
     86.90 3.615978
     87.00 3.573827
     87.10 3.443901
     87.20 3.472243
     87.30 3.744579
     87.40 3.293699
     87.50 3.016426
     87.60 3.191653
     87.70 3.002922
     87.80 3.192144
     87.90 3.364013
     88.00 2.821194
     88.10 3.039659
     88.20 2.930352
     88.30 2.973555
     88.40 2.982438
     88.50 3.400452
     88.60 3.218657
     88.70 3.213154
     88.80 3.269143
     88.90 3.305695
     89.00 3.365613
     89.10 3.109126
     89.20 3.167624
     89.30 3.267386
     89.40 3.398858
     89.50 2.936847
     89.60 3.161943
     89.70 3.355242
     89.80 3.373187
     89.90 3.365671
     90.00 3.374116
     90.10 3.458424
     90.20 2.911970
     90.30 3.015385
     90.40 3.182259
     90.50 3.277049
     90.60 3.206818
     90.70 3.322636
     90.80 3.034153
     90.90 3.069035
     91.00 3.277464
     91.10 3.326930
     91.20 3.440365
     91.30 3.516198
     91.40 3.629909
     91.50 3.727298
     91.60 3.938689
     91.70 3.732062
     91.80 3.245099
     91.90 3.290984
     92.00 3.558310
     92.10 3.854968
     92.20 3.622321
     92.30 3.273015
     92.40 3.173787
     92.50 2.856452
     92.60 2.924972
     92.70 2.967837
     92.80 3.490352
     92.90 3.422201
     93.00 3.266667
     93.10 3.203617
     93.20 3.283611
     93.30 3.446350
     93.40 3.503537
     93.50 2.991141
     93.60 3.098647
     93.70 3.249395
     93.80 3.193384
     93.90 3.168310
     94.00 3.085154
     94.10 3.136009
     94.20 2.876540
     94.30 3.054884
     94.40 3.229848
     94.50 2.930070
     94.60 3.320165
     94.70 3.296360
     94.80 3.231196
     94.90 2.784760
     95.00 3.033125
     95.10 2.794916
     95.20 2.763153
     95.30 2.835807
     95.40 2.899001
     95.50 2.792967
     95.60 2.985886
     95.70 2.760239
     95.80 2.940113
     95.90 2.938066
     96.00 3.038735
     96.10 2.921876
     96.20 3.068539
     96.30 3.168676
     96.40 2.974665
     96.50 2.910101
     96.60 3.239526
     96.70 3.329002
     96.80 3.028603
     96.90 2.883781
     97.00 3.060044
     97.10 3.095025
     97.20 3.374090
     97.30 3.516244
     97.40 3.416564
     97.50 3.485569
     97.60 3.198724
     97.70 3.256288
     97.80 3.217696
     97.90 3.156764
     98.00 3.241854
     98.10 3.149128
     98.20 3.030665
     98.30 3.055123
     98.40 3.191499
     98.50 3.293592
     98.60 3.064667
     98.70 2.794477
     98.80 2.896186
     98.90 2.764105
     99.00 2.838975
     99.10 3.072358
     99.20 3.274912
     99.30 3.163692
     99.40 3.430815
     99.50 3.822634
     99.60 4.075132
     99.70 4.129707
     99.80 4.031659
     99.90 3.953964
    100.00 3.933392
