99.90  2.898  0.12  13.32  7.07
99.80  2.891  0.11  14.60  7.20
99.50  2.892  0.11  18.80  7.41
99.40  2.895  0.11  14.47  7.70
99.40  2.931  0.13  18.55  7.47
99.30  2.917  0.12  17.36  7.26
99.20  2.966  0.14  17.09  6.99
99.10  2.918  0.12  16.24  8.07
99.10  2.923  0.11  16.49  6.92
99.10  2.861  0.11  16.98  7.96
99.00  2.928  0.12  17.96  7.46
99.00  2.918  0.13  15.00  8.15
98.80  2.812  0.09  15.89  7.99
98.80  2.812  0.10  15.71  8.41
98.80  2.890  0.12  15.17  8.08
98.70  2.871  0.10  16.80  8.02
98.70  2.799  0.09  15.83  8.57
98.50  2.892  0.11  16.59  8.72
98.40  2.830  0.10  16.61  8.53
98.30  2.994  0.15  15.16  7.95
98.20  2.847  0.10  16.46  8.76
98.10  2.873  0.11  16.50  8.36
98.10  3.037  0.15  15.17  8.04
98.00  2.838  0.10  17.30  8.30
98.00  2.900  0.13  16.78  8.72
98.00  2.920  0.13  18.13  8.84
97.80  2.850  0.16  16.62  8.38
97.80  2.976  0.13  17.08  8.00
97.70  2.882  0.11  19.23  8.44
97.10  2.978  0.12  16.64  8.94
97.10  2.861  0.11  18.88  8.98
97.10  2.846  0.10  20.15  8.40
96.90  2.837  0.10  18.10  8.49
96.90  2.896  0.19  16.61  8.26
96.80  2.907  0.15  18.76  8.16
96.70  2.808  0.11  18.81  8.54
96.50  2.992  0.16  22.11  7.56
96.40  3.009  0.15  18.64  8.61
96.40  3.005  0.15  19.66  7.91
96.40  3.049  0.16  21.95  6.94
96.30  2.872  0.13  17.04  8.42
96.20  2.903  0.15  21.50  8.55
96.10  2.924  0.14  17.77  8.56
95.80  3.012  0.16  22.47  7.96
95.80  2.973  0.14  21.33  7.94
95.40  2.858  0.11  17.51  9.01
95.40  2.848  0.11  19.65  9.03
95.40  3.114  0.16  18.18  8.51
95.40  3.047  0.15  17.58  8.77
95.10  2.888  0.12  17.75  9.21
95.10  2.971  0.13  20.16  8.82
94.90  2.936  0.12  19.03  9.33
94.50  2.965  0.15  18.03  8.49
94.40  2.845  0.17  20.05  9.00
94.20  2.901  0.14  19.90  8.79
94.20  2.788  0.10  19.24  8.90
94.00  2.964  0.15  17.70  8.88
94.00  2.906  0.14  23.00  8.36
93.70  3.083  0.17  16.68  8.30
93.50  3.109  0.17  18.02  8.87
92.80  3.039  0.16  20.93  8.53
92.70  3.029  0.19  19.44  9.09
92.50  2.986  0.15  18.58  9.51
92.40  2.826  0.10  21.13  8.77
92.00  3.018  0.14  19.66  9.12
91.80  2.945  0.13  22.85  8.58
91.30  2.977  0.13  20.01  9.23
91.10  3.020  0.16  21.44  8.33
91.00  3.109  0.16  19.82  9.08
90.80  2.844  0.10  18.72  9.42
90.20  2.870  0.11  19.50  9.58
89.70  3.128  0.16  23.51  7.92
89.50  2.931  0.14  23.98  7.80
89.40  3.021  0.16  24.21  7.73
89.20  2.919  0.14  24.31  8.42
88.90  2.926  0.20  24.13  8.59
88.80  2.894  0.11  20.46  9.80
88.70  3.098  0.17  17.82  9.31
88.30  2.888  0.11  20.99  9.57
87.90  3.055  0.17  21.84  8.80
87.80  3.159  0.17  18.04  8.74
87.60  2.874  0.12  19.65  9.47
87.20  2.962  0.14  21.64  9.59
87.00  2.953  0.15  22.64  8.65
86.50  2.986  0.16  25.33  7.84
85.80  2.919  0.15  19.12  9.21
85.40  3.047  0.17  22.98  8.06
84.70  3.043  0.17  21.67  9.45
84.60  2.980  0.16  20.46  9.65
84.60  3.176  0.16  17.01  8.44
84.10  3.062  0.18  18.03  8.85
82.80  3.023  0.18  19.41  9.33
82.00  3.198  0.17  15.47  7.96
81.90  3.172  0.16  21.78  9.12
81.80  2.685  0.13  17.12  7.93
80.90  3.078  0.17  22.66  9.38
80.80  3.097  0.16  22.36  9.33
80.30  3.090  0.17  20.17  9.35
80.00  3.196  0.16  20.46  9.39
79.60  3.210  0.16  16.11  8.79
78.10  2.774  0.10  24.75  9.00
77.90  2.954  0.16  23.20  9.53
76.70  3.129  0.17  22.87  8.78
76.40  3.170  0.18  23.05  8.59
75.80  2.943  0.16  20.31  9.15
75.60  2.997  0.15  25.36  9.17
74.40  3.019  0.16  25.12  9.12
74.10  3.082  0.16  23.05  9.83
72.90  3.134  0.17  21.28  9.83
72.30  2.721  0.15  17.35  8.48
71.80  3.103  0.17  24.79  9.25
71.40  2.953  0.17  20.25  9.06
71.30  3.006  0.16  24.88  9.26
68.70  2.919  0.17  22.67  9.64
68.20  2.860  0.15  20.65  9.75
63.80  2.962  0.18  23.08  9.78
63.10  3.025  0.17  24.14  9.23
61.30  3.197  0.17  24.00  8.63
61.20  2.940  0.15  28.65  7.96
56.10  3.213  0.15  26.35  8.07
55.50  3.256  0.16  14.36  7.57
54.60  3.086  0.21  18.93  9.33
52.80  2.807  0.12  22.37  9.41
50.10  3.032  0.16  22.86 10.02
48.20  3.149  0.18  31.23  6.37
47.40  3.309  0.13  17.36  9.20
45.70  3.034  0.18  30.29  6.94
45.40  3.149  0.18  31.08  6.44
43.80  3.058  0.15  26.65  9.41
41.20  2.992  0.15  27.85  9.03
40.30  2.952  0.16  26.38  8.82
39.90  3.183  0.17  22.85  9.87
39.80  3.051  0.18  26.16  8.95
36.60  2.981  0.17  24.08  9.10
31.30  3.033  0.14  27.14  9.80
30.70  2.817  0.13  24.55  9.12
30.10  2.755  0.09  20.95  9.28
29.60  3.229  0.17  25.75  8.18
29.40  3.014  0.17  18.51  9.42
29.00  3.249  0.16  25.35  8.66
28.60  2.954  0.17  20.94  9.14
27.90  2.899  0.16  27.50  8.81
27.60  2.990  0.20  27.15  9.23
24.60  2.792  0.11  26.17  8.72
24.50  3.081  0.21  28.96  9.06
23.20  2.870  0.15  25.57  9.16
22.80  2.930  0.18  22.61 10.05
22.40  2.982  0.17  17.33  8.71
21.10  2.947  0.19  27.09  8.55
19.40  2.805  0.12  22.20  9.44
18.70  2.971  0.15  31.76  6.20
17.80  2.995  0.15  31.56  6.59
16.20  3.316  0.15  26.89  7.06
16.20  2.821  0.13  27.57  8.21
16.00  3.062  0.18  34.23  4.80
15.90  2.830  0.11  32.76  5.52
15.80  3.182  0.17  26.54  8.52
15.20  3.124  0.21  22.96  9.57
15.00  2.984  0.16  17.77  7.78
14.20  3.253  0.15  29.75  7.31
13.70  3.030  0.16  20.23  9.05
13.70  2.973  0.17  34.06  4.87
13.50  3.222  0.18  31.07  6.14
12.60  2.872  0.13  21.86  9.01
12.40  3.028  0.16  28.16  9.50
12.30  2.754  0.09  23.47  9.70
11.30  2.846  0.16  26.53  9.17
10.50  2.852  0.16  32.17  6.73
10.30  3.076  0.17  18.46 10.16
10.20  2.829  0.13  28.33  9.17
9.70  3.028  0.23  25.72  9.44
9.50  3.292  0.15  30.62  7.06
9.40  2.796  0.13  32.48  6.32
9.30  2.833  0.17  19.08  9.68
9.00  3.201  0.18  35.22  5.54
8.80  2.884  0.15  29.34  7.73
8.70  2.766  0.11  26.06  8.98
8.70  3.016  0.20  31.82  7.13
8.70  2.808  0.09  29.73  6.61
7.90  3.153  0.18  34.16  6.45
7.70  2.879  0.15  24.20  9.68
7.50  2.896  0.13  22.55 10.00
7.50  3.224  0.16  36.28  3.07
7.40  2.945  0.13  32.01  5.27
7.20  2.983  0.19  28.66  9.15
7.20  3.223  0.20  21.32  8.61
7.00  2.941  0.22  24.73  9.55
7.00  3.330  0.11  19.17 10.83
7.00  3.243  0.17  28.97  8.59
6.80  2.939  0.16  20.35  9.24
6.70  2.785  0.13  22.99 10.14
6.60  3.017  0.13  30.87  6.72
6.60  2.865  0.14  28.93  7.02
6.40  2.868  0.17  25.80  9.60
6.30  3.021  0.20  29.09  8.95
6.30  3.083  0.22  32.26  7.38
6.10  2.969  0.18  20.08  9.47
5.80  2.842  0.14  25.73  9.06
5.70  3.004  0.15  29.81  8.18
5.60  2.885  0.21  23.37  9.53
5.40  2.864  0.11  34.53  4.58
5.20  2.774  0.08  28.31  7.50
